POWERSTATION node 1 SVOLETJONN
init_Power = 0.00000
penstock_config = SHARED
headloss_coef = 0.300000
yyyy mm dd hh [m3/s]    [Euro/MWh]  [fr_g0] [m3/s] [m3/s] [m] [m] [MWh] [GWh/Mm3] [Euro] [Euro] [Euro] [Euro] [Euro] [Euro]
yyyy mm dd hh Up_Inflow Price Action_g0 tot_outflow auto_qmin Hnetto Hbrutto Power est_eekv income tot_cost startstopCost adjust_cost cost_aggressive_actions profit
2022 9 1 0 4.0000 24.8800 1.0000 4.0000 0.0000 59.0127 63.8127 46.9344 0.1358  1167.7283 1.0000 1.0000 0.0000 0.0000 1166.7283
2022 9 2 0 3.9600 25.8500 0.9900 3.9600 0.0000 58.8797 63.5841 46.6613 0.1364  1206.1957 0.0000 0.0000 0.0000 0.0000 1206.1957
2022 9 3 0 3.9200 63.9200 0.9800 3.9200 0.0000 58.7376 63.3475 46.3758 0.1369  2964.3434 0.0000 0.0000 0.0000 0.0000 2964.3434
2022 9 4 0 3.2000 10.1000 0.8000 3.2000 0.0000 60.0796 63.1516 40.3983 0.1461  408.0226 0.0000 0.0000 0.0000 0.0000 408.0226
2022 9 5 0 2.8000 88.8400 0.7000 2.8000 0.0000 60.6676 63.0196 35.6945 0.1475  3171.0962 0.0000 0.0000 0.0000 0.0000 3171.0962
2022 9 6 0 2.4400 14.3500 0.6100 2.4400 0.0000 61.1414 62.9274 30.6675 0.1455  440.0780 0.0000 0.0000 0.0000 0.0000 440.0780
2022 9 7 0 2.1600 51.5300 0.5400 2.1600 0.0000 61.4665 62.8662 26.3984 0.1415  1360.3105 0.0000 0.0000 0.0000 0.0000 1360.3105
2022 9 8 0 0.9200 26.5600 0.2300 0.9200 0.0000 62.6113 62.8653 5.9869 0.0753  159.0120 0.0000 0.0000 0.0000 0.0000 159.0120
2022 9 9 0 0.2000 52.9300 0.0500 0.2000 0.0000 62.9289 62.9409 0.2844 0.0165  15.0517 0.0000 0.0000 0.0000 0.0000 15.0517
2022 9 10 0 0.0400 10.9400 0.0100 0.0400 0.0000 63.0500 63.0505 0.0114 0.0033  0.1247 1.0000 1.0000 0.0000 0.0000 -0.8753
2022 9 11 0 0.0000 10.0100 0.0000 0.0000 0.0000 63.1735 63.1735 0.0000 0.0000  0.0000 0.0000 0.0000 0.0000 0.0000 0.0000
2022 9 12 0 0.0000 17.9500 0.0000 0.0000 0.0000 63.3658 63.3658 0.0000 0.0000  0.0000 0.0000 0.0000 0.0000 0.0000 0.0000
2022 9 13 0 3.6000 82.5800 0.9000 3.6000 0.0000 59.8827 63.7707 44.9825 0.1446  3714.6560 1.0000 1.0000 0.0000 0.0000 3713.6560
2022 9 14 0 3.6000 25.5000 0.9000 3.6000 0.0000 60.2857 64.1737 45.2853 0.1456  1154.7745 0.0000 0.0000 0.0000 0.0000 1154.7745
2022 9 15 0 3.6000 55.8200 0.9000 3.6000 0.0000 60.4799 64.3679 45.4311 0.1461  2535.9647 0.0000 0.0000 0.0000 0.0000 2535.9647
2022 9 16 0 0.0000 29.3900 0.0000 0.0000 0.0000 64.6233 64.6233 0.0000 0.0000  0.0000 1.0000 1.0000 0.0000 0.0000 -1.0000
2022 9 17 0 0.0000 46.9600 0.0000 0.0000 0.0000 64.9624 64.9624 0.0000 0.0000  0.0000 0.0000 0.0000 0.0000 0.0000 0.0000
2022 9 18 0 0.0000 17.5900 0.0000 0.0000 0.0000 65.2375 65.2375 0.0000 0.0000  0.0000 0.0000 0.0000 0.0000 0.0000 0.0000
2022 9 19 0 0.0000 88.3300 0.0000 0.0000 0.0000 65.4634 65.4634 0.0000 0.0000  0.0000 0.0000 0.0000 0.0000 0.0000 0.0000
2022 9 20 0 0.0000 80.8200 0.0000 0.0000 0.0000 65.6589 65.6589 0.0000 0.0000  0.0000 0.0000 0.0000 0.0000 0.0000 0.0000
2022 9 21 0 0.0000 88.8300 0.0000 0.0000 0.0000 65.8369 65.8369 0.0000 0.0000  0.0000 0.0000 0.0000 0.0000 0.0000 0.0000
2022 9 22 0 3.2000 78.9000 0.8000 3.2000 0.0000 62.7873 65.8593 42.2190 0.1527  3331.0782 1.0000 1.0000 0.0000 0.0000 3330.0782
2022 9 23 0 3.2000 59.9800 0.8000 3.2000 0.0000 62.6652 65.7372 42.1369 0.1524  2527.3695 0.0000 0.0000 0.0000 0.0000 2527.3695
2022 9 24 0 3.2000 50.7100 0.8000 3.2000 0.0000 62.5529 65.6249 42.0614 0.1521  2132.9321 0.0000 0.0000 0.0000 0.0000 2132.9321
2022 9 25 0 3.2000 99.0800 0.8000 3.2000 0.0000 62.5775 65.6495 42.0779 0.1522  4169.0799 0.0000 0.0000 0.0000 0.0000 4169.0799
2022 9 26 0 3.2000 59.4000 0.8000 3.2000 0.0000 62.9398 66.0118 42.3216 0.1531  2513.9007 0.0000 0.0000 0.0000 0.0000 2513.9007
2022 9 27 0 3.2000 16.8900 0.8000 3.2000 0.0000 63.5762 66.6482 42.7494 0.1546  722.0380 0.0000 0.0000 0.0000 0.0000 722.0380
2022 9 28 0 3.2000 18.5200 0.8000 3.2000 0.0000 63.9280 67.0000 42.9860 0.1555  796.1010 0.0000 0.0000 0.0000 0.0000 796.1010
2022 9 29 0 3.2000 27.1000 0.8000 3.2000 0.0000 63.9280 67.0000 42.9860 0.1555  1164.9211 0.0000 0.0000 0.0000 0.0000 1164.9211
2022 9 30 0 3.2000 18.9700 0.8000 3.2000 0.0000 63.9280 67.0000 42.9860 0.1555  815.4447 0.0000 0.0000 0.0000 0.0000 815.4447
