CHANNEL node 11 HYNNEKLEIV
N_CASCADE_LINRES 2
K_TRAVELTIME_HOURS 4.00
yyyy mm dd hh [m3/s]    [Mm3]       [m3/s]      [Euro]
yyyy mm dd hh Up_Inflow Storage_Mm3 tot_outflow Qmin_Cost
2022 9 1 0 24.8000 0.34223799 20.8389 0.0000 
2022 9 2 0 11.5900 0.17482289 13.5277 0.0000 
2022 9 3 0 9.7100 0.14095225 10.1020 0.0000 
2022 9 4 0 10.3740 0.14898716 10.2810 0.0000 
2022 9 5 0 8.9300 0.12945851 9.1560 0.0000 
2022 9 6 0 7.6500 0.11092811 7.8645 0.0000 
2022 9 7 0 7.9900 0.11485198 7.9446 0.0000 
2022 9 8 0 20.8900 0.29307495 18.8272 0.0000 
2022 9 9 0 22.6900 0.32565576 22.3129 0.0000 
2022 9 10 0 17.8900 0.26049638 18.6442 0.0000 
2022 9 11 0 10.8400 0.16032661 11.9994 0.0000 
2022 9 12 0 20.1400 0.28443530 18.7036 0.0000 
2022 9 13 0 18.3400 0.26517608 18.5629 0.0000 
2022 9 14 0 16.2400 0.23511619 16.5879 0.0000 
2022 9 15 0 10.0900 0.14898652 11.0869 0.0000 
2022 9 16 0 8.1400 0.11838621 8.4942 0.0000 
2022 9 17 0 11.5000 0.16358374 10.9769 0.0000 
2022 9 18 0 20.1500 0.28496927 18.7451 0.0000 
2022 9 19 0 11.2900 0.16789266 12.6451 0.0000 
2022 9 20 0 14.2900 0.20397583 13.8724 0.0000 
2022 9 21 0 9.3400 0.13746638 10.1098 0.0000 
2022 9 22 0 19.0900 0.26904525 17.5671 0.0000 
2022 9 23 0 9.4900 0.14241671 10.9556 0.0000 
2022 9 24 0 17.4400 0.24636542 16.2369 0.0000 
2022 9 25 0 21.0400 0.30081565 20.4098 0.0000 
2022 9 26 0 14.8900 0.21810647 15.8473 0.0000 
2022 9 27 0 21.6400 0.30756550 20.6046 0.0000 
2022 9 28 0 10.3900 0.15636686 12.1400 0.0000 
2022 9 29 0 16.0900 0.22827562 15.2577 0.0000 
2022 9 30 0 20.7400 0.29586559 19.9577 0.0000 
2022 10 1 0 9.3400 0.14133689 11.1285 0.0000 
2022 10 2 0 17.1400 0.24213545 15.9734 0.0000 
2022 10 3 0 17.4400 0.25095592 17.3379 0.0000 
2022 10 4 0 8.7400 0.13107670 10.1275 0.0000 
2022 10 5 0 9.7900 0.14034598 9.6827 0.0000 
2022 10 6 0 16.9900 0.24033541 15.8327 0.0000 
2022 10 7 0 17.1400 0.24672594 17.0660 0.0000 
2022 10 8 0 21.1900 0.30270567 20.5421 0.0000 
2022 10 9 0 22.0900 0.31755590 21.9181 0.0000 
2022 10 10 0 14.4400 0.21252661 15.6556 0.0000 
2022 10 11 0 9.9400 0.14583642 10.7119 0.0000 
2022 10 12 0 13.9900 0.19902571 13.3744 0.0000 
2022 10 13 0 11.5900 0.16833617 11.9452 0.0000 
2022 10 14 0 19.0900 0.27039541 17.9088 0.0000 
2022 10 15 0 12.7900 0.18795646 13.7442 0.0000 
2022 10 16 0 16.3900 0.23385575 15.8588 0.0000 
2022 10 17 0 14.5900 0.21117612 14.8525 0.0000 
2022 10 18 0 20.1400 0.28668556 19.2660 0.0000 
2022 10 19 0 9.6400 0.14511681 11.2785 0.0000 
2022 10 20 0 14.4400 0.20505569 13.7463 0.0000 
2022 10 21 0 18.1900 0.25968566 17.5577 0.0000 
2022 10 22 0 10.0900 0.15015663 11.3577 0.0000 
2022 10 23 0 19.9900 0.28191526 18.4650 0.0000 
2022 10 24 0 21.0400 0.30234584 20.8035 0.0000 
2022 10 25 0 14.1400 0.20775655 15.2348 0.0000 
2022 10 26 0 16.5400 0.23673585 16.2046 0.0000 
2022 10 27 0 8.2900 0.12432665 9.5910 0.0000 
2022 10 28 0 22.3900 0.31395492 20.1952 0.0000 
2022 10 29 0 16.5400 0.24168637 17.3764 0.0000 
2022 10 30 0 9.1900 0.13674664 10.4046 0.0000 
2022 10 31 0 11.4400 0.16338587 11.1317 0.0000 
2022 11 1 0 10.8400 0.15645603 10.9202 0.0000 
2022 11 2 0 11.7400 0.16851593 11.6004 0.0000 
2022 11 3 0 13.3900 0.19182586 13.1202 0.0000 
2022 11 4 0 13.8400 0.19902595 13.7567 0.0000 
2022 11 5 0 17.2900 0.24690572 16.7358 0.0000 
2022 11 6 0 22.6900 0.32349554 21.8035 0.0000 
2022 11 7 0 21.3400 0.30810607 21.5181 0.0000 
2022 11 8 0 14.8900 0.21828653 15.9296 0.0000 
2022 11 9 0 12.1900 0.17715627 12.6660 0.0000 
2022 11 10 0 16.2400 0.23142569 15.6119 0.0000 
2022 11 11 0 22.6900 0.32286545 21.6317 0.0000 
2022 11 12 0 10.5400 0.15906694 12.4358 0.0000 
2022 11 13 0 11.2900 0.16212603 11.2546 0.0000 
2022 11 14 0 17.2900 0.24537551 16.3265 0.0000 
2022 11 15 0 16.2400 0.23448604 16.3660 0.0000 
2022 11 16 0 8.8900 0.13242661 10.0712 0.0000 
2022 11 17 0 7.9900 0.11559613 8.1848 0.0000 
2022 11 18 0 21.0400 0.29514495 18.9619 0.0000 
2022 11 19 0 10.5400 0.15807676 12.1264 0.0000 
2022 11 20 0 18.7900 0.26562541 17.5452 0.0000 
2022 11 21 0 16.3900 0.23745613 16.7160 0.0000 
2022 11 22 0 18.1900 0.26085587 17.9192 0.0000 
2022 11 23 0 10.9900 0.16257657 12.1275 0.0000 
2022 11 24 0 8.7400 0.12720624 9.1494 0.0000 
2022 11 25 0 18.0400 0.25419527 16.5702 0.0000 
2022 11 26 0 12.7900 0.18732636 13.5639 0.0000 
2022 11 27 0 22.0900 0.31251528 20.6411 0.0000 
2022 11 28 0 22.2400 0.32016592 22.1515 0.0000 
2022 11 29 0 10.8400 0.16293693 12.6598 0.0000 
2022 11 30 0 10.6900 0.15402610 10.7931 0.0000 
2022 12 1 0 12.3400 0.17670587 12.0775 0.0000 
2022 12 2 0 14.5900 0.20874580 14.2192 0.0000 
2022 12 3 0 21.3400 0.30324543 20.2463 0.0000 
2022 12 4 0 15.9400 0.23277639 16.7556 0.0000 
2022 12 5 0 13.3900 0.19434625 13.8348 0.0000 
2022 12 6 0 12.1900 0.17625612 12.3994 0.0000 
2022 12 7 0 14.8900 0.21279579 14.4671 0.0000 
2022 12 8 0 13.6900 0.19785608 13.8629 0.0000 
2022 12 9 0 12.0400 0.17436614 12.3119 0.0000 
2022 12 10 0 13.8400 0.19821587 13.5640 0.0000 
2022 12 11 0 12.6400 0.18273608 12.8192 0.0000 
2022 12 12 0 15.4900 0.22134578 15.0431 0.0000 
2022 12 13 0 16.6900 0.23961588 16.4785 0.0000 
2022 12 14 0 10.5400 0.15546649 11.5140 0.0000 
2022 12 15 0 11.1400 0.16005600 11.0869 0.0000 
2022 12 16 0 10.9900 0.15834601 11.0098 0.0000 
2022 12 17 0 14.4400 0.20586572 13.8900 0.0000 
2022 12 18 0 11.1400 0.16239624 11.6431 0.0000 
2022 12 19 0 11.5900 0.16662599 11.5410 0.0000 
2022 12 20 0 13.6900 0.19587583 13.3515 0.0000 
2022 12 21 0 11.2900 0.16401618 11.6587 0.0000 
2022 12 22 0 13.2400 0.18948586 12.9452 0.0000 
2022 12 23 0 16.6900 0.23826570 16.1254 0.0000 
2022 12 24 0 18.0400 0.25896587 17.8004 0.0000 
2022 12 25 0 11.2900 0.16662654 12.3587 0.0000 
2022 12 26 0 10.5400 0.15222611 10.7067 0.0000 
2022 12 27 0 22.5400 0.31737504 20.6286 0.0000 
2022 12 28 0 9.7900 0.14862695 11.7431 0.0000 
2022 12 29 0 9.0400 0.13062616 9.2483 0.0000 
2022 12 30 0 13.0900 0.18606568 12.4483 0.0000 
2022 12 31 0 9.1900 0.13467629 9.7848 0.0000 
2023 1 1 0 13.9900 0.19857564 13.2504 0.0000 
2023 1 2 0 19.6900 0.28011551 18.7463 0.0000 
2023 1 3 0 17.1400 0.24834617 17.5077 0.0000 
2023 1 4 0 16.0900 0.23232611 16.2754 0.0000 
2023 1 5 0 22.2400 0.31656551 21.2650 0.0000 
2023 1 6 0 15.9400 0.23331647 16.9035 0.0000 
2023 1 7 0 17.2900 0.24816594 17.1181 0.0000 
2023 1 8 0 9.0400 0.13512666 10.3483 0.0000 
2023 1 9 0 21.4900 0.30198506 19.5588 0.0000 
2023 1 10 0 16.3900 0.23907632 17.1181 0.0000 
2023 1 11 0 19.9900 0.28569575 19.4504 0.0000 
2023 1 12 0 11.8900 0.17607663 13.1587 0.0000 
2023 1 13 0 12.3400 0.17742603 12.3244 0.0000 
2023 1 14 0 19.6900 0.27912541 18.5129 0.0000 
2023 1 15 0 17.5900 0.25455611 17.8744 0.0000 
2023 1 16 0 12.7900 0.18705641 13.5712 0.0000 
2023 1 17 0 13.5400 0.19452598 13.4535 0.0000 
2023 1 18 0 16.0900 0.23016579 15.6775 0.0000 
2023 1 19 0 12.6400 0.18408626 13.1733 0.0000 
2023 1 20 0 20.7400 0.29379537 19.4702 0.0000 
2023 1 21 0 9.1900 0.13926688 10.9785 0.0000 
2023 1 22 0 8.7400 0.12612612 8.8921 0.0000 
2023 1 23 0 15.9400 0.22521543 14.7931 0.0000 
2023 1 24 0 15.0400 0.21711602 15.1337 0.0000 
2023 1 25 0 11.2900 0.16482631 11.8952 0.0000 
2023 1 26 0 8.5900 0.12531625 9.0473 0.0000 
2023 1 27 0 12.1640 0.17301693 11.6119 0.0000 
2023 1 28 0 5.7000 0.08595890 6.7076 0.0000 
2023 1 29 0 6.9000 0.09863995 6.7532 0.0000 
2023 1 30 0 8.2500 0.11798988 8.0260 0.0000 
2023 1 31 0 1.6500 0.02772053 2.6948 0.0000 
2023 2 1 0 2.8500 0.04031995 2.7042 0.0000 
2023 2 2 0 11.4000 0.15902930 10.0260 0.0000 
2023 2 3 0 9.1500 0.13311012 9.4500 0.0000 
2023 2 4 0 13.0500 0.18557970 12.4427 0.0000 
2023 2 5 0 4.2000 0.06579069 5.5864 0.0000 
2023 2 6 0 12.1500 0.17018942 10.9417 0.0000 
2023 2 7 0 12.9000 0.18530988 12.7250 0.0000 
2023 2 8 0 14.4000 0.20645987 14.1552 0.0000 
2023 2 9 0 11.5500 0.16803022 11.9948 0.0000 
2023 2 10 0 9.7500 0.14148016 10.0573 0.0000 
2023 2 11 0 1.8000 0.03069066 3.0823 0.0000 
2023 2 12 0 3.1500 0.04454995 2.9896 0.0000 
2023 2 13 0 6.4500 0.09089972 5.9135 0.0000 
2023 2 14 0 9.0000 0.12806977 8.5698 0.0000 
2023 2 15 0 2.1000 0.03438054 3.1844 0.0000 
2023 2 16 0 14.4000 0.19997905 12.4834 0.0000 
2023 2 17 0 5.8500 0.08937060 7.1302 0.0000 
2023 2 18 0 11.2500 0.15875962 10.4469 0.0000 
2023 2 19 0 4.5000 0.06885051 5.5406 0.0000 
2023 2 20 0 12.7500 0.17864939 11.4792 0.0000 
2023 2 21 0 9.1500 0.13392023 9.6677 0.0000 
2023 2 22 0 6.9000 0.10071021 7.2844 0.0000 
2023 2 23 0 13.0500 0.18422952 12.0833 0.0000 
2023 2 24 0 8.1000 0.11961036 8.8479 0.0000 
2023 2 25 0 6.4500 0.09387017 6.7479 0.0000 
2023 2 26 0 6.3000 0.09081002 6.3354 0.0000 
2023 2 27 0 1.2000 0.02034041 2.0156 0.0000 
2023 2 28 0 0.9000 0.01314006 0.9833 0.0000 
2023 3 1 0 3.4500 0.04814980 3.0448 0.0000 
2023 3 2 0 10.8000 0.15110939 9.6083 0.0000 
2023 3 3 0 13.3500 0.19070974 12.8917 0.0000 
2023 3 4 0 10.8000 0.15705019 11.1896 0.0000 
2023 3 5 0 9.9000 0.14310010 10.0615 0.0000 
2023 3 6 0 13.5000 0.19223971 12.9313 0.0000 
2023 3 7 0 0.9000 0.02052099 2.8875 0.0000 
2023 3 8 0 10.0500 0.13922935 8.6761 0.0000 
2023 3 9 0 3.9000 0.05985043 4.8187 0.0000 
2023 3 10 0 14.4000 0.20105919 12.7656 0.0000 
2023 3 11 0 7.6500 0.11421047 8.6552 0.0000 
2023 3 12 0 0.4500 0.01080063 1.6469 0.0000 
2023 3 13 0 2.1000 0.02924992 1.8865 0.0000 
2023 3 14 0 9.9000 0.13787936 8.6427 0.0000 
2023 3 15 0 12.3000 0.17567975 11.8625 0.0000 
2023 3 16 0 13.5000 0.19367988 13.2917 0.0000 
2023 3 17 0 4.5000 0.07020072 5.9292 0.0000 
2023 3 18 0 3.1500 0.04617017 3.4281 0.0000 
2023 3 19 0 8.8500 0.12401954 7.9490 0.0000 
2023 3 20 0 12.9000 0.18332963 12.2135 0.0000 
2023 3 21 0 5.4000 0.08226058 6.5698 0.0000 
2023 3 22 0 11.7000 0.16469954 10.7458 0.0000 
2023 3 23 0 0.7500 0.01737084 2.4552 0.0000 
2023 3 24 0 3.0000 0.04184990 2.7167 0.0000 
2023 3 25 0 14.7000 0.20465904 12.8156 0.0000 
2023 3 26 0 8.7000 0.12888040 9.5771 0.0000 
2023 3 27 0 8.7000 0.12528004 8.7417 0.0000 
2023 3 28 0 14.4000 0.20393953 13.4896 0.0000 
2023 3 29 0 7.3500 0.11007053 8.4364 0.0000 
2023 3 30 0 0.6000 0.01269060 1.7271 0.0000 
2023 3 31 0 0.7500 0.01071004 0.7729 0.0000 
2023 4 1 0 9.7500 0.13499926 8.3115 0.0000 
2023 4 2 0 9.7500 0.14039993 9.6875 0.0000 
2023 4 3 0 13.2000 0.18800972 12.6490 0.0000 
2023 4 4 0 7.6500 0.11349042 8.5125 0.0000 
2023 4 5 0 5.2500 0.07704023 5.6719 0.0000 
2023 4 6 0 4.6500 0.06732007 4.7625 0.0000 
2023 4 7 0 9.6000 0.13526960 8.8135 0.0000 
2023 4 8 0 8.2500 0.11961008 8.4312 0.0000 
2023 4 9 0 5.7000 0.08361022 6.1167 0.0000 
2023 4 10 0 4.0500 0.05931015 4.3313 0.0000 
2023 4 11 0 4.8860 0.06985674 4.7639 0.0000 
2023 4 12 0 18.9400 0.26430246 16.6895 0.0000 
2023 4 13 0 22.0900 0.31620564 21.4893 0.0000 
2023 4 14 0 22.6900 0.32637593 22.5723 0.0000 
2023 4 15 0 9.3400 0.14250708 11.4681 0.0000 
2023 4 16 0 10.8400 0.15519598 10.6931 0.0000 
2023 4 17 0 20.4400 0.28857521 18.8963 0.0000 
2023 4 18 0 9.7900 0.14736679 11.4244 0.0000 
2023 4 19 0 11.5900 0.16581593 11.3765 0.0000 
2023 4 20 0 19.3900 0.27453535 18.1317 0.0000 
2023 4 21 0 20.5900 0.29577585 20.3442 0.0000 
2023 4 22 0 16.6900 0.24267630 17.3046 0.0000 
2023 4 23 0 9.9400 0.14718658 11.0452 0.0000 
2023 4 24 0 15.9400 0.22593557 15.0286 0.0000 
2023 4 25 0 22.5400 0.32061543 21.4442 0.0000 
2023 4 26 0 13.2400 0.19623671 14.6796 0.0000 
2023 4 27 0 18.3400 0.26103565 17.5900 0.0000 
2023 4 28 0 22.2400 0.31791564 21.5817 0.0000 
2023 4 29 0 14.8900 0.21882657 16.0369 0.0000 
2023 4 30 0 18.7900 0.26823574 18.2181 0.0000 
2023 5 1 0 22.5400 0.32232567 21.9140 0.0000 
2023 5 2 0 20.2900 0.29352615 20.6233 0.0000 
2023 5 3 0 14.2900 0.20937651 15.2640 0.0000 
2023 5 4 0 21.6400 0.30720545 20.5077 0.0000 
2023 5 5 0 15.7900 0.23088642 16.6733 0.0000 
2023 5 6 0 12.1900 0.17769633 12.8056 0.0000 
2023 5 7 0 10.5400 0.15276616 10.8285 0.0000 
2023 5 8 0 11.2900 0.16212595 11.1817 0.0000 
2023 5 9 0 17.4400 0.24744549 16.4525 0.0000 
2023 5 10 0 14.8900 0.21594616 15.2546 0.0000 
2023 5 11 0 9.7540 0.14353964 10.5920 0.0000 
2023 5 12 0 0.6000 0.01413318 2.0978 0.0000 
2023 5 13 0 3.0000 0.04175987 2.6802 0.0000 
2023 5 14 0 15.0000 0.20879901 13.0667 0.0000 
2023 5 15 0 3.9000 0.06282081 5.5896 0.0000 
2023 5 16 0 3.0000 0.04374016 3.2208 0.0000 
2023 5 17 0 2.5500 0.03699004 2.6281 0.0000 
2023 5 18 0 0.1500 0.00360020 0.5365 0.0000 
2023 5 19 0 13.0500 0.18017897 11.0063 0.0000 
2023 5 20 0 12.1500 0.17549998 12.2042 0.0000 
2023 5 21 0 7.9500 0.11700034 8.6271 0.0000 
2023 5 22 0 6.4500 0.09378015 6.7188 0.0000 
2023 5 23 0 13.3500 0.18809945 12.2583 0.0000 
2023 5 24 0 7.9500 0.11772038 8.7646 0.0000 
2023 5 25 0 13.6500 0.19313958 12.7771 0.0000 
2023 5 26 0 3.1500 0.05166081 4.7875 0.0000 
2023 5 27 0 0.3000 0.00603031 0.8281 0.0000 
2023 5 28 0 11.2500 0.15542913 9.5208 0.0000 
2023 5 29 0 2.1000 0.03573066 3.4854 0.0000 
2023 5 30 0 5.4000 0.07577980 4.9365 0.0000 
2023 5 31 0 1.2000 0.01980032 1.8479 0.0000 
2023 6 1 0 13.0500 0.18080907 11.1865 0.0000 
2023 6 2 0 9.6000 0.14031019 10.0687 0.0000 
2023 6 3 0 3.0000 0.04716056 4.0781 0.0000 
2023 6 4 0 9.4500 0.13220952 8.4656 0.0000 
2023 6 5 0 4.8000 0.07191033 5.4979 0.0000 
2023 6 6 0 4.8000 0.06912003 4.8323 0.0000 
2023 6 7 0 7.3500 0.10430980 6.9427 0.0000 
2023 6 8 0 6.9000 0.09963002 6.9542 0.0000 
2023 6 9 0 13.3500 0.18836948 12.3229 0.0000 
2023 6 10 0 12.1500 0.17568005 12.2969 0.0000 
2023 6 11 0 6.7500 0.10044044 7.6208 0.0000 
2023 6 12 0 3.3000 0.04959032 3.8885 0.0000 
2023 6 13 0 1.0500 0.01647021 1.4333 0.0000 
2023 6 14 0 11.5500 0.16001916 9.8886 0.0000 
2023 6 15 0 4.9500 0.07524046 5.9312 0.0000 
2023 6 16 0 13.6500 0.19133935 12.3063 0.0000 
2023 6 17 0 13.6500 0.19655994 13.5896 0.0000 
2023 6 18 0 6.7500 0.10134056 7.8521 0.0000 
2023 6 19 0 13.2000 0.18620953 12.2177 0.0000 
2023 6 20 0 2.4000 0.04104083 4.0802 0.0000 
2023 6 21 0 8.4000 0.11735959 7.5167 0.0000 
2023 6 22 0 1.9500 0.03195048 2.9385 0.0000 
2023 6 23 0 1.6500 0.02394007 1.7427 0.0000 
2023 6 24 0 5.5500 0.07757969 4.9292 0.0000 
2023 6 25 0 14.5500 0.20411925 13.0854 0.0000 
2023 6 26 0 1.2000 0.02529102 3.2698 0.0000 
2023 6 27 0 8.8500 0.12284947 7.7209 0.0000 
2023 6 28 0 3.6000 0.05499037 4.3854 0.0000 
2023 6 29 0 10.8000 0.15119946 9.6865 0.0000 
2023 6 30 0 0.6000 0.01476077 2.1792 0.0000 
2023 7 1 0 5.1000 0.07073971 4.4521 0.0000 
2023 7 2 0 4.8000 0.06929999 4.8167 0.0000 
2023 7 3 0 13.9500 0.19538926 12.4906 0.0000 
2023 7 4 0 11.8500 0.17190011 12.1219 0.0000 
2023 7 5 0 7.8000 0.11475034 8.4615 0.0000 
2023 7 6 0 0.4500 0.01089063 1.6521 0.0000 
2023 7 7 0 11.1000 0.15344919 9.4500 0.0000 
2023 7 8 0 3.4500 0.05427054 4.5979 0.0000 
2023 7 9 0 11.2500 0.15731942 10.0573 0.0000 
2023 7 10 0 13.6500 0.19511975 13.2125 0.0000 
2023 7 11 0 10.8000 0.15723022 11.2385 0.0000 
2023 7 12 0 5.4000 0.08100046 6.2823 0.0000 
2023 7 13 0 9.4500 0.13364971 8.8406 0.0000 
2023 7 14 0 5.7000 0.08433027 6.2708 0.0000 
2023 7 15 0 10.6500 0.15038962 9.8854 0.0000 
2023 7 16 0 5.5500 0.08298038 6.3302 0.0000 
2023 7 17 0 7.6500 0.10889987 7.3500 0.0000 
2023 7 18 0 14.1000 0.19916946 13.0552 0.0000 
2023 7 19 0 10.0900 0.14770228 10.6857 0.0000 
2023 7 20 0 10.8400 0.15564597 10.7481 0.0000 
2023 7 21 0 17.1400 0.24303549 16.1285 0.0000 
2023 7 22 0 17.1400 0.24681596 17.0962 0.0000 
2023 7 23 0 19.2400 0.27579583 18.9046 0.0000 
2023 7 24 0 17.5900 0.25428611 17.8390 0.0000 
2023 7 25 0 22.0900 0.31539565 21.3827 0.0000 
2023 7 26 0 10.8400 0.16284688 12.6056 0.0000 
2023 7 27 0 18.0400 0.25545550 16.9681 0.0000 
2023 7 28 0 9.0400 0.13557668 10.4275 0.0000 
2023 7 29 0 12.3400 0.17571580 11.8754 0.0000 
2023 7 30 0 12.3400 0.17769598 12.3171 0.0000 
2023 7 31 0 13.9900 0.20046587 13.7265 0.0000 
2023 8 1 0 11.5900 0.16833618 11.9619 0.0000 
2023 8 2 0 13.6900 0.19587585 13.3713 0.0000 
2023 8 3 0 19.0900 0.27165555 18.2129 0.0000 
2023 8 4 0 18.3400 0.26454602 18.4223 0.0000 
2023 8 5 0 21.9400 0.31377571 21.3702 0.0000 
2023 8 6 0 21.4900 0.30972602 21.5369 0.0000 
2023 8 7 0 22.6900 0.32601591 22.5015 0.0000 
2023 8 8 0 12.7900 0.19011680 14.3629 0.0000 
2023 8 9 0 12.0400 0.17382614 12.2285 0.0000 
2023 8 10 0 10.9900 0.15888609 11.1629 0.0000 
2023 8 11 0 9.1900 0.13341616 9.4848 0.0000 
2023 8 12 0 20.2900 0.28551511 18.5296 0.0000 
2023 8 13 0 15.4900 0.22593631 16.1796 0.0000 
2023 8 14 0 16.8400 0.24168593 16.6577 0.0000 
2023 8 15 0 19.5400 0.27975577 19.0994 0.0000 
2023 8 16 0 21.3400 0.30621583 21.0337 0.0000 
2023 8 17 0 21.1900 0.30522600 21.2015 0.0000 
2023 8 18 0 17.2900 0.25131632 17.9140 0.0000 
2023 8 19 0 9.3400 0.13926668 10.6369 0.0000 
2023 8 20 0 21.7900 0.30630505 19.8567 0.0000 
2023 8 21 0 18.4900 0.26823617 18.9306 0.0000 
2023 8 22 0 12.1900 0.17931654 13.2192 0.0000 
2023 8 23 0 9.6400 0.14034625 10.0910 0.0000 
2023 8 24 0 14.4400 0.20505563 13.6910 0.0000 
2023 8 25 0 19.2400 0.27417557 18.4400 0.0000 
2023 8 26 0 14.7400 0.21495633 15.4254 0.0000 
2023 8 27 0 15.1900 0.21846600 15.1494 0.0000 
2023 8 28 0 15.3400 0.22080599 15.3129 0.0000 
2023 8 29 0 8.4400 0.12567656 9.5410 0.0000 
2023 8 30 0 17.8900 0.25194529 16.4286 0.0000 
2023 8 31 0 20.1400 0.28866575 19.7150 0.0000 
