POWERSTATION node 6 SVEIGSHYL_I
init_Power = 0.00000
penstock_config = SEPARATE
headloss_coef = 0.200000
yyyy mm dd hh [m3/s]    [Euro/MWh]  [fr_g0] [m3/s] [m3/s] [m] [m] [MWh] [GWh/Mm3] [Euro] [Euro] [Euro] [Euro] [Euro] [Euro]
yyyy mm dd hh Up_Inflow Price Action_g0 tot_outflow auto_qmin Hnetto Hbrutto Power est_eekv income tot_cost startstopCost adjust_cost cost_aggressive_actions profit
2022 9 1 0 5.9000 564.8800 1.0000 5.9000 0.0000 55.9415 62.9035 61.1509 0.1200  34542.9319 1.0000 1.0000 0.0000 0.0000 34541.9319
2022 9 2 0 4.7200 425.8500 0.8000 4.7200 0.0000 58.3009 62.7566 54.7146 0.1342  23300.2045 0.0000 0.0000 0.0000 0.0000 23300.2045
2022 9 3 0 4.1300 383.9200 0.7000 4.1300 0.0000 59.2508 62.6622 49.7611 0.1395  19104.2945 0.0000 0.0000 0.0000 0.0000 19104.2945
2022 9 4 0 3.7170 310.1000 0.6300 3.7170 0.0000 59.8431 62.6064 45.7604 0.1425  14190.3067 0.0000 0.0000 0.0000 0.0000 14190.3067
2022 9 5 0 0.5900 388.8400 0.1000 0.5900 0.0000 62.5484 62.6180 4.1691 0.0818  1621.1100 0.0000 0.0000 0.0000 0.0000 1621.1100
2022 9 6 0 0.0000 414.3500 0.0000 0.0000 0.0000 62.6588 62.6588 0.0000 0.0000  0.0000 1.0000 1.0000 0.0000 0.0000 -1.0000
2022 9 7 0 4.7200 451.5300 0.8000 4.7200 0.0000 58.1461 62.6018 54.5693 0.1338  24639.6951 1.0000 1.0000 0.0000 0.0000 24638.6951
2022 9 8 0 4.7200 426.5600 0.8000 4.7200 0.0000 58.0174 62.4731 54.4485 0.1335  23225.5546 0.0000 0.0000 0.0000 0.0000 23225.5546
2022 9 9 0 4.7200 352.9300 0.8000 4.7200 0.0000 57.9084 62.3641 54.3463 0.1333  19180.4231 0.0000 0.0000 0.0000 0.0000 19180.4231
2022 9 10 0 4.7200 410.9400 0.8000 4.7200 0.0000 57.7994 62.2551 54.2439 0.1330  22291.0049 0.0000 0.0000 0.0000 0.0000 22291.0049
2022 9 11 0 4.7200 400.0100 0.8000 4.7200 0.0000 57.6908 62.1465 54.1421 0.1328  21657.3631 0.0000 0.0000 0.0000 0.0000 21657.3631
2022 9 12 0 4.7200 407.9500 0.8000 4.7200 0.0000 57.5952 62.0509 54.0523 0.1325  22050.6343 0.0000 0.0000 0.0000 0.0000 22050.6343
2022 9 13 0 4.7200 382.5800 0.8000 4.7200 0.0000 57.5719 62.0276 54.0305 0.1325  20670.9734 0.0000 0.0000 0.0000 0.0000 20670.9734
2022 9 14 0 4.7200 425.5000 0.8000 4.7200 0.0000 57.5793 62.0349 54.0373 0.1325  22992.8861 0.0000 0.0000 0.0000 0.0000 22992.8861
2022 9 15 0 4.7200 355.8200 0.8000 4.7200 0.0000 57.5461 62.0018 54.0062 0.1324  19216.4875 0.0000 0.0000 0.0000 0.0000 19216.4875
2022 9 16 0 4.7200 329.3900 0.8000 4.7200 0.0000 57.4940 61.9496 53.9573 0.1323  17772.9895 0.0000 0.0000 0.0000 0.0000 17772.9895
2022 9 17 0 2.9500 246.9600 0.5000 2.9500 0.0000 60.1751 61.9156 36.9003 0.1448  9112.8917 0.0000 0.0000 0.0000 0.0000 9112.8917
2022 9 18 0 5.9000 117.5900 1.0000 5.9000 0.0000 54.8779 61.8399 59.9883 0.1177  7054.0287 0.0000 0.0000 0.0000 0.0000 7054.0287
2022 9 19 0 4.7200 288.3300 0.8000 4.7200 0.0000 57.2711 61.7268 53.7482 0.1318  15497.2055 0.0000 0.0000 0.0000 0.0000 15497.2055
2022 9 20 0 4.7200 380.8200 0.8000 4.7200 0.0000 57.1822 61.6379 53.6647 0.1316  20436.5821 0.0000 0.0000 0.0000 0.0000 20436.5821
2022 9 21 0 4.7200 388.8300 0.8000 4.7200 0.0000 57.0855 61.5412 53.5740 0.1314  20831.1717 0.0000 0.0000 0.0000 0.0000 20831.1717
2022 9 22 0 4.7200 378.9000 0.8000 4.7200 0.0000 56.9860 61.4417 53.4806 0.1311  20263.7965 0.0000 0.0000 0.0000 0.0000 20263.7965
2022 9 23 0 4.7200 359.9800 0.8000 4.7200 0.0000 56.8861 61.3418 53.3868 0.1309  19218.1780 0.0000 0.0000 0.0000 0.0000 19218.1780
2022 9 24 0 4.7200 350.7100 0.8000 4.7200 0.0000 56.7883 61.2440 53.2950 0.1307  18691.0934 0.0000 0.0000 0.0000 0.0000 18691.0934
2022 9 25 0 4.7200 299.0800 0.8000 4.7200 0.0000 56.7129 61.1686 53.2243 0.1305  15918.3102 0.0000 0.0000 0.0000 0.0000 15918.3102
2022 9 26 0 4.7200 259.4000 0.8000 4.7200 0.0000 56.6965 61.1522 53.2089 0.1305  13802.3866 0.0000 0.0000 0.0000 0.0000 13802.3866
2022 9 27 0 4.7200 306.8900 0.8000 4.7200 0.0000 56.7598 61.2155 53.2683 0.1306  16347.5179 0.0000 0.0000 0.0000 0.0000 16347.5179
2022 9 28 0 4.7200 308.5200 0.8000 4.7200 0.0000 56.9675 61.4232 53.4632 0.1311  16494.4682 0.0000 0.0000 0.0000 0.0000 16494.4682
2022 9 29 0 4.7200 347.1000 0.8000 4.7200 0.0000 57.2096 61.6653 53.6904 0.1317  18635.9495 0.0000 0.0000 0.0000 0.0000 18635.9495
2022 9 30 0 4.7200 278.9700 0.8000 4.7200 0.0000 57.3462 61.8019 53.8186 0.1320  15013.7751 0.0000 0.0000 0.0000 0.0000 15013.7751
2022 10 1 0 4.7200 90.2400 0.8000 4.7200 0.0000 57.5706 62.0263 54.0292 0.1325  4875.5993 0.0000 0.0000 0.0000 0.0000 4875.5993
2022 10 2 0 4.7200 182.7200 0.8000 4.7200 0.0000 57.9239 62.3796 54.3608 0.1333  9932.8031 0.0000 0.0000 0.0000 0.0000 9932.8031
2022 10 3 0 4.7200 234.6000 0.8000 4.7200 0.0000 58.2281 62.6838 54.6462 0.1340  12820.0068 0.0000 0.0000 0.0000 0.0000 12820.0068
2022 10 4 0 4.7200 199.0100 0.8000 4.7200 0.0000 58.4521 62.9078 54.8565 0.1345  10916.9873 0.0000 0.0000 0.0000 0.0000 10916.9873
2022 10 5 0 4.7200 51.1100 0.8000 4.7200 0.0000 58.7188 63.1745 55.1067 0.1351  2816.5060 0.0000 0.0000 0.0000 0.0000 2816.5060
2022 10 6 0 4.7200 23.8700 0.8000 4.7200 0.0000 59.1466 63.6023 55.5082 0.1361  1324.9816 0.0000 0.0000 0.0000 0.0000 1324.9816
2022 10 7 0 4.7200 30.2900 0.8000 4.7200 0.0000 59.5507 64.0064 55.8875 0.1370  1692.8319 0.0000 0.0000 0.0000 0.0000 1692.8319
2022 10 8 0 4.7200 53.3800 0.8000 4.7200 0.0000 59.8389 64.2946 56.1580 0.1377  2997.7124 0.0000 0.0000 0.0000 0.0000 2997.7124
2022 10 9 0 4.7200 91.9400 0.8000 4.7200 0.0000 60.0819 64.5376 56.3860 0.1383  5184.1291 0.0000 0.0000 0.0000 0.0000 5184.1291
2022 10 10 0 4.7200 137.7100 0.8000 4.7200 0.0000 60.2611 64.7168 56.5542 0.1387  7788.0788 0.0000 0.0000 0.0000 0.0000 7788.0788
2022 10 11 0 4.7200 174.3200 0.8000 4.7200 0.0000 60.4166 64.8723 56.7002 0.1390  9883.9714 0.0000 0.0000 0.0000 0.0000 9883.9714
2022 10 12 0 4.7200 199.9900 0.8000 4.7200 0.0000 60.5463 65.0020 56.8219 0.1393  11363.8028 0.0000 0.0000 0.0000 0.0000 11363.8028
2022 10 13 0 4.7200 233.6000 0.8000 4.7200 0.0000 60.6445 65.1002 56.9140 0.1396  13295.1194 0.0000 0.0000 0.0000 0.0000 13295.1194
2022 10 14 0 4.7200 217.2400 0.8000 4.7200 0.0000 60.7208 65.1765 56.9856 0.1397  12379.5523 0.0000 0.0000 0.0000 0.0000 12379.5523
2022 10 15 0 4.7200 154.6600 0.8000 4.7200 0.0000 60.8569 65.3126 57.1134 0.1400  8833.1532 0.0000 0.0000 0.0000 0.0000 8833.1532
2022 10 16 0 4.7200 113.2100 0.8000 4.7200 0.0000 61.1003 65.5560 57.3418 0.1406  6491.6654 0.0000 0.0000 0.0000 0.0000 6491.6654
2022 10 17 0 4.7200 146.2200 0.8000 4.7200 0.0000 61.3679 65.8235 57.5929 0.1412  8421.2313 0.0000 0.0000 0.0000 0.0000 8421.2313
2022 10 18 0 4.7200 163.8200 0.8000 4.7200 0.0000 61.6143 66.0700 57.8242 0.1418  9472.7528 0.0000 0.0000 0.0000 0.0000 9472.7528
2022 10 19 0 4.7200 159.7000 0.8000 4.7200 0.0000 61.8250 66.2806 58.0219 0.1423  9266.0910 0.0000 0.0000 0.0000 0.0000 9266.0910
2022 10 20 0 4.7200 142.1100 0.8000 4.7200 0.0000 62.0050 66.4607 58.1908 0.1427  8269.5013 0.0000 0.0000 0.0000 0.0000 8269.5013
2022 10 21 0 4.7200 157.4800 0.8000 4.7200 0.0000 62.1868 66.6424 58.3614 0.1431  9190.7540 0.0000 0.0000 0.0000 0.0000 9190.7540
2022 10 22 0 4.7200 142.0700 0.8000 4.7200 0.0000 62.3721 66.8278 58.5354 0.1435  8316.1190 0.0000 0.0000 0.0000 0.0000 8316.1190
2022 10 23 0 4.7200 99.6700 0.8000 4.7200 0.0000 62.6197 67.0754 58.7677 0.1441  5857.3804 0.0000 0.0000 0.0000 0.0000 5857.3804
2022 10 24 0 4.7200 85.2000 0.8000 4.7200 0.0000 62.9972 67.4529 59.1220 0.1450  5037.1965 0.0000 0.0000 0.0000 0.0000 5037.1965
2022 10 25 0 4.7200 110.5100 0.8000 4.7200 0.0000 63.4183 67.8739 59.5171 0.1459  6577.2399 0.0000 0.0000 0.0000 0.0000 6577.2399
2022 10 26 0 4.7200 121.4900 0.8000 4.7200 0.0000 64.0813 68.5370 60.1394 0.1475  7306.3384 0.0000 0.0000 0.0000 0.0000 7306.3384
2022 10 27 0 4.7200 117.6600 0.8000 4.7200 0.0000 64.5443 69.0000 60.5739 0.1485  7127.1305 0.0000 0.0000 0.0000 0.0000 7127.1305
2022 10 28 0 4.7200 103.2200 0.8000 4.7200 0.0000 64.5443 69.0000 60.5739 0.1485  6252.4426 0.0000 0.0000 0.0000 0.0000 6252.4426
2022 10 29 0 4.7200 101.6200 0.8000 4.7200 0.0000 64.5443 69.0000 60.5739 0.1485  6155.5244 0.0000 0.0000 0.0000 0.0000 6155.5244
2022 10 30 0 4.7200 117.9300 0.8000 4.7200 0.0000 64.5443 69.0000 60.5739 0.1485  7143.4853 0.0000 0.0000 0.0000 0.0000 7143.4853
2022 10 31 0 4.7200 144.1300 0.8000 4.7200 0.0000 64.5443 69.0000 60.5739 0.1485  8730.5229 0.0000 0.0000 0.0000 0.0000 8730.5229
2022 11 1 0 4.7200 72.4900 0.8000 4.7200 0.0000 64.5443 69.0000 60.5739 0.1485  4391.0051 0.0000 0.0000 0.0000 0.0000 4391.0051
2022 11 2 0 4.7200 71.1700 0.8000 4.7200 0.0000 64.5443 69.0000 60.5739 0.1485  4311.0475 0.0000 0.0000 0.0000 0.0000 4311.0475
2022 11 3 0 4.7200 86.5000 0.8000 4.7200 0.0000 64.5443 69.0000 60.5739 0.1485  5239.6462 0.0000 0.0000 0.0000 0.0000 5239.6462
2022 11 4 0 4.7200 72.6700 0.8000 4.7200 0.0000 64.5443 69.0000 60.5739 0.1485  4401.9084 0.0000 0.0000 0.0000 0.0000 4401.9084
2022 11 5 0 4.7200 47.6500 0.8000 4.7200 0.0000 64.5443 69.0000 60.5739 0.1485  2886.3485 0.0000 0.0000 0.0000 0.0000 2886.3485
2022 11 6 0 4.7200 35.7500 0.8000 4.7200 0.0000 64.5443 69.0000 60.5739 0.1485  2165.5185 0.0000 0.0000 0.0000 0.0000 2165.5185
2022 11 7 0 4.7200 43.8300 0.8000 4.7200 0.0000 64.5443 69.0000 60.5739 0.1485  2654.9561 0.0000 0.0000 0.0000 0.0000 2654.9561
2022 11 8 0 4.7200 51.0900 0.8000 4.7200 0.0000 64.5443 69.0000 60.5739 0.1485  3094.7228 0.0000 0.0000 0.0000 0.0000 3094.7228
2022 11 9 0 4.7200 42.5700 0.8000 4.7200 0.0000 64.5443 69.0000 60.5739 0.1485  2578.6328 0.0000 0.0000 0.0000 0.0000 2578.6328
2022 11 10 0 4.7200 27.4000 0.8000 4.7200 0.0000 64.5443 69.0000 60.5739 0.1485  1659.7261 0.0000 0.0000 0.0000 0.0000 1659.7261
2022 11 11 0 4.7200 2.0000 0.8000 4.7200 0.0000 64.5443 69.0000 60.5739 0.1485  121.1479 0.0000 0.0000 0.0000 0.0000 121.1479
2022 11 12 0 4.7200 2.3700 0.8000 4.7200 0.0000 64.5443 69.0000 60.5739 0.1485  143.5602 0.0000 0.0000 0.0000 0.0000 143.5602
2022 11 13 0 4.7200 29.9300 0.8000 4.7200 0.0000 64.5443 69.0000 60.5739 0.1485  1812.9782 0.0000 0.0000 0.0000 0.0000 1812.9782
2022 11 14 0 4.7200 53.6800 0.8000 4.7200 0.0000 64.5443 69.0000 60.5739 0.1485  3251.6094 0.0000 0.0000 0.0000 0.0000 3251.6094
2022 11 15 0 4.7200 53.7500 0.8000 4.7200 0.0000 64.5443 69.0000 60.5739 0.1485  3255.8495 0.0000 0.0000 0.0000 0.0000 3255.8495
2022 11 16 0 4.7200 27.6900 0.8000 4.7200 0.0000 64.5443 69.0000 60.5739 0.1485  1677.2926 0.0000 0.0000 0.0000 0.0000 1677.2926
2022 11 17 0 4.7200 48.9100 0.8000 4.7200 0.0000 64.5443 69.0000 60.5739 0.1485  2962.6716 0.0000 0.0000 0.0000 0.0000 2962.6716
2022 11 18 0 4.7200 113.7000 0.8000 4.7200 0.0000 64.5443 69.0000 60.5739 0.1485  6887.2573 0.0000 0.0000 0.0000 0.0000 6887.2573
2022 11 19 0 4.7200 167.1000 0.8000 4.7200 0.0000 64.5443 69.0000 60.5739 0.1485  10121.9065 0.0000 0.0000 0.0000 0.0000 10121.9065
2022 11 20 0 4.7200 162.8400 0.8000 4.7200 0.0000 64.5443 69.0000 60.5739 0.1485  9863.8609 0.0000 0.0000 0.0000 0.0000 9863.8609
2022 11 21 0 4.7200 209.5500 0.8000 4.7200 0.0000 64.5443 69.0000 60.5739 0.1485  12693.2702 0.0000 0.0000 0.0000 0.0000 12693.2702
2022 11 22 0 4.7200 174.4300 0.8000 4.7200 0.0000 64.5443 69.0000 60.5739 0.1485  10565.9127 0.0000 0.0000 0.0000 0.0000 10565.9127
2022 11 23 0 4.7200 149.8400 0.8000 4.7200 0.0000 64.5443 69.0000 60.5739 0.1485  9076.3996 0.0000 0.0000 0.0000 0.0000 9076.3996
2022 11 24 0 4.7200 172.1800 0.8000 4.7200 0.0000 64.5443 69.0000 60.5739 0.1485  10429.6213 0.0000 0.0000 0.0000 0.0000 10429.6213
2022 11 25 0 4.7200 200.3300 0.8000 4.7200 0.0000 64.5443 69.0000 60.5739 0.1485  12134.7784 0.0000 0.0000 0.0000 0.0000 12134.7784
2022 11 26 0 4.7200 196.0200 0.8000 4.7200 0.0000 64.5443 69.0000 60.5739 0.1485  11873.7048 0.0000 0.0000 0.0000 0.0000 11873.7048
2022 11 27 0 4.7200 146.0400 0.8000 4.7200 0.0000 64.5443 69.0000 60.5739 0.1485  8846.2184 0.0000 0.0000 0.0000 0.0000 8846.2184
2022 11 28 0 4.7200 195.3000 0.8000 4.7200 0.0000 64.5443 69.0000 60.5739 0.1485  11830.0915 0.0000 0.0000 0.0000 0.0000 11830.0915
2022 11 29 0 4.7200 362.5600 0.8000 4.7200 0.0000 64.5443 69.0000 60.5739 0.1485  21961.6891 0.0000 0.0000 0.0000 0.0000 21961.6891
2022 11 30 0 4.7200 364.6000 0.8000 4.7200 0.0000 64.5443 69.0000 60.5739 0.1485  22085.2605 0.0000 0.0000 0.0000 0.0000 22085.2605
2022 12 1 0 4.7200 349.6500 0.8000 4.7200 0.0000 64.5443 69.0000 60.5739 0.1485  21179.6793 0.0000 0.0000 0.0000 0.0000 21179.6793
2022 12 2 0 4.7200 324.9900 0.8000 4.7200 0.0000 64.5443 69.0000 60.5739 0.1485  19685.9256 0.0000 0.0000 0.0000 0.0000 19685.9256
2022 12 3 0 4.7200 268.8200 0.8000 4.7200 0.0000 64.5443 69.0000 60.5739 0.1485  16283.4882 0.0000 0.0000 0.0000 0.0000 16283.4882
2022 12 4 0 4.7200 271.5000 0.8000 4.7200 0.0000 64.5443 69.0000 60.5739 0.1485  16445.8259 0.0000 0.0000 0.0000 0.0000 16445.8259
2022 12 5 0 4.7200 290.7800 0.8000 4.7200 0.0000 64.5443 69.0000 60.5739 0.1485  17613.6915 0.0000 0.0000 0.0000 0.0000 17613.6915
2022 12 6 0 4.7200 346.8000 0.8000 4.7200 0.0000 64.5443 69.0000 60.5739 0.1485  21007.0432 0.0000 0.0000 0.0000 0.0000 21007.0432
2022 12 7 0 4.7200 334.1100 0.8000 4.7200 0.0000 64.5443 69.0000 60.5739 0.1485  20238.3597 0.0000 0.0000 0.0000 0.0000 20238.3597
2022 12 8 0 4.7200 399.0300 0.8000 4.7200 0.0000 64.5443 69.0000 60.5739 0.1485  24170.8210 0.0000 0.0000 0.0000 0.0000 24170.8210
2022 12 9 0 4.7200 418.6900 0.8000 4.7200 0.0000 64.5443 69.0000 60.5739 0.1485  25361.7049 0.0000 0.0000 0.0000 0.0000 25361.7049
2022 12 10 0 4.7200 362.9800 0.8000 4.7200 0.0000 64.5443 69.0000 60.5739 0.1485  21987.1310 0.0000 0.0000 0.0000 0.0000 21987.1310
2022 12 11 0 4.7200 338.6100 0.8000 4.7200 0.0000 64.5443 69.0000 60.5739 0.1485  20510.9424 0.0000 0.0000 0.0000 0.0000 20510.9424
2022 12 12 0 4.7200 446.1100 0.8000 4.7200 0.0000 64.5187 68.9744 60.5499 0.1485  27011.9266 0.0000 0.0000 0.0000 0.0000 27011.9266
2022 12 13 0 4.7200 458.6300 0.8000 4.7200 0.0000 64.3677 68.8234 60.4082 0.1481  27705.0097 0.0000 0.0000 0.0000 0.0000 27705.0097
2022 12 14 0 4.7200 451.4100 0.8000 4.7200 0.0000 64.1122 68.5679 60.1684 0.1475  27160.6162 0.0000 0.0000 0.0000 0.0000 27160.6162
2022 12 15 0 4.7200 396.6100 0.8000 4.7200 0.0000 63.8455 68.3012 59.9181 0.1469  23764.1357 0.0000 0.0000 0.0000 0.0000 23764.1357
2022 12 16 0 4.7200 413.8400 0.8000 4.7200 0.0000 63.5659 68.0216 59.6557 0.1463  24687.9342 0.0000 0.0000 0.0000 0.0000 24687.9342
2022 12 17 0 4.7200 254.6500 0.8000 4.7200 0.0000 63.2777 67.7334 59.3853 0.1456  15122.4562 0.0000 0.0000 0.0000 0.0000 15122.4562
2022 12 18 0 4.7200 206.4000 0.8000 4.7200 0.0000 62.9878 67.4435 59.1132 0.1450  12200.9551 0.0000 0.0000 0.0000 0.0000 12200.9551
2022 12 19 0 4.7200 211.4800 0.8000 4.7200 0.0000 62.6983 67.1540 58.8415 0.1443  12443.7910 0.0000 0.0000 0.0000 0.0000 12443.7910
2022 12 20 0 4.7200 205.2500 0.8000 4.7200 0.0000 62.4860 66.9416 58.6422 0.1438  12036.3110 0.0000 0.0000 0.0000 0.0000 12036.3110
2022 12 21 0 4.7200 223.3000 0.8000 4.7200 0.0000 62.4399 66.8956 58.5990 0.1437  13085.1522 0.0000 0.0000 0.0000 0.0000 13085.1522
2022 12 22 0 4.7200 201.9700 0.8000 4.7200 0.0000 62.4987 66.9544 58.6542 0.1438  11846.3799 0.0000 0.0000 0.0000 0.0000 11846.3799
2022 12 23 0 4.7200 193.2900 0.8000 4.7200 0.0000 62.5233 66.9790 58.6773 0.1439  11341.7279 0.0000 0.0000 0.0000 0.0000 11341.7279
2022 12 24 0 4.7200 142.3700 0.8000 4.7200 0.0000 62.4485 66.9042 58.6071 0.1437  8343.8908 0.0000 0.0000 0.0000 0.0000 8343.8908
2022 12 25 0 4.7200 129.4400 0.8000 4.7200 0.0000 62.3005 66.7562 58.4682 0.1434  7568.1189 0.0000 0.0000 0.0000 0.0000 7568.1189
2022 12 26 0 4.7200 111.7200 0.8000 4.7200 0.0000 62.2156 66.6713 58.3885 0.1432  6523.1607 0.0000 0.0000 0.0000 0.0000 6523.1607
2022 12 27 0 4.7200 141.3500 0.8000 4.7200 0.0000 62.2005 66.6562 58.3743 0.1431  8251.2095 0.0000 0.0000 0.0000 0.0000 8251.2095
2022 12 28 0 4.7200 122.1300 0.8000 4.7200 0.0000 62.1235 66.5792 58.3020 0.1430  7120.4257 0.0000 0.0000 0.0000 0.0000 7120.4257
2022 12 29 0 4.7200 96.2800 0.8000 4.7200 0.0000 61.9922 66.4479 58.1789 0.1427  5601.4597 0.0000 0.0000 0.0000 0.0000 5601.4597
2022 12 30 0 4.7200 100.4100 0.8000 4.7200 0.0000 61.8424 66.2981 58.0382 0.1423  5827.6180 0.0000 0.0000 0.0000 0.0000 5827.6180
2022 12 31 0 4.7200 116.2200 0.8000 4.7200 0.0000 61.7242 66.1798 57.9273 0.1420  6732.3075 0.0000 0.0000 0.0000 0.0000 6732.3075
2023 1 1 0 4.7200 112.5700 0.8000 4.7200 0.0000 61.6198 66.0755 57.8293 0.1418  6509.8493 0.0000 0.0000 0.0000 0.0000 6509.8493
2023 1 2 0 4.7200 149.2600 0.8000 4.7200 0.0000 61.4692 65.9249 57.6880 0.1415  8610.5098 0.0000 0.0000 0.0000 0.0000 8610.5098
2023 1 3 0 4.7200 154.5400 0.8000 4.7200 0.0000 61.2871 65.7427 57.5171 0.1410  8888.6850 0.0000 0.0000 0.0000 0.0000 8888.6850
2023 1 4 0 4.7200 114.6400 0.8000 4.7200 0.0000 61.0851 65.5407 57.3275 0.1406  6572.0217 0.0000 0.0000 0.0000 0.0000 6572.0217
2023 1 5 0 4.7200 144.1600 0.8000 4.7200 0.0000 60.8970 65.3526 57.1509 0.1401  8238.8807 0.0000 0.0000 0.0000 0.0000 8238.8807
2023 1 6 0 4.7200 126.0400 0.8000 4.7200 0.0000 60.7196 65.1753 56.9845 0.1397  7182.3285 0.0000 0.0000 0.0000 0.0000 7182.3285
2023 1 7 0 4.7200 102.5400 0.8000 4.7200 0.0000 60.5338 64.9894 56.8101 0.1393  5825.3067 0.0000 0.0000 0.0000 0.0000 5825.3067
2023 1 8 0 4.7200 75.8000 0.8000 4.7200 0.0000 60.4855 64.9412 56.7648 0.1392  4302.7740 0.0000 0.0000 0.0000 0.0000 4302.7740
2023 1 9 0 4.7200 133.2800 0.8000 4.7200 0.0000 60.7013 65.1570 56.9673 0.1397  7592.6073 0.0000 0.0000 0.0000 0.0000 7592.6073
2023 1 10 0 4.7200 130.4400 0.8000 4.7200 0.0000 60.9577 65.4134 57.2080 0.1403  7462.2097 0.0000 0.0000 0.0000 0.0000 7462.2097
2023 1 11 0 4.7200 96.6800 0.8000 4.7200 0.0000 61.0723 65.5280 57.3155 0.1405  5541.2627 0.0000 0.0000 0.0000 0.0000 5541.2627
2023 1 12 0 4.7200 89.9500 0.8000 4.7200 0.0000 61.0989 65.5545 57.3404 0.1406  5157.7716 0.0000 0.0000 0.0000 0.0000 5157.7716
2023 1 13 0 4.7200 82.8000 0.8000 4.7200 0.0000 61.0613 65.5169 57.3051 0.1405  4744.8654 0.0000 0.0000 0.0000 0.0000 4744.8654
2023 1 14 0 4.7200 94.7100 0.8000 4.7200 0.0000 60.9691 65.4248 57.2186 0.1403  5419.1780 0.0000 0.0000 0.0000 0.0000 5419.1780
2023 1 15 0 4.7200 70.7800 0.8000 4.7200 0.0000 60.8434 65.2991 57.1007 0.1400  4041.5858 0.0000 0.0000 0.0000 0.0000 4041.5858
2023 1 16 0 4.7200 139.7600 0.8000 4.7200 0.0000 60.7045 65.1602 56.9703 0.1397  7962.1687 0.0000 0.0000 0.0000 0.0000 7962.1687
2023 1 17 0 4.7200 134.1900 0.8000 4.7200 0.0000 60.5538 65.0095 56.8289 0.1394  7625.8736 0.0000 0.0000 0.0000 0.0000 7625.8736
2023 1 18 0 4.7200 138.3800 0.8000 4.7200 0.0000 60.3963 64.8520 56.6811 0.1390  7843.5313 0.0000 0.0000 0.0000 0.0000 7843.5313
2023 1 19 0 4.7200 148.5600 0.8000 4.7200 0.0000 60.2242 64.6799 56.5196 0.1386  8396.5542 0.0000 0.0000 0.0000 0.0000 8396.5542
2023 1 20 0 4.7200 162.5000 0.8000 4.7200 0.0000 60.0314 64.4871 56.3387 0.1381  9155.0335 0.0000 0.0000 0.0000 0.0000 9155.0335
2023 1 21 0 4.7200 150.1900 0.8000 4.7200 0.0000 59.8272 64.2829 56.1470 0.1377  8432.7167 0.0000 0.0000 0.0000 0.0000 8432.7167
2023 1 22 0 4.7200 151.8000 0.8000 4.7200 0.0000 59.6149 64.0706 55.9477 0.1372  8492.8681 0.0000 0.0000 0.0000 0.0000 8492.8681
2023 1 23 0 4.7200 197.7300 0.8000 4.7200 0.0000 59.4104 63.8661 55.7559 0.1367  11024.6045 0.0000 0.0000 0.0000 0.0000 11024.6045
2023 1 24 0 4.7200 184.5400 0.8000 4.7200 0.0000 59.2080 63.6637 55.5659 0.1363  10254.1332 0.0000 0.0000 0.0000 0.0000 10254.1332
2023 1 25 0 4.7200 137.5700 0.8000 4.7200 0.0000 58.9991 63.4548 55.3698 0.1358  7617.2271 0.0000 0.0000 0.0000 0.0000 7617.2271
2023 1 26 0 4.7200 132.3800 0.8000 4.7200 0.0000 58.8055 63.2612 55.1882 0.1353  7305.8124 0.0000 0.0000 0.0000 0.0000 7305.8124
2023 1 27 0 2.5370 154.0500 0.4300 2.5370 0.0000 61.8839 63.1711 32.1388 0.1466  4950.9783 0.0000 0.0000 0.0000 0.0000 4950.9783
2023 1 28 0 0.0000 116.8100 0.0000 0.0000 0.0000 63.2715 63.2715 0.0000 0.0000  0.0000 1.0000 1.0000 0.0000 0.0000 -1.0000
2023 1 29 0 0.0000 102.3700 0.0000 0.0000 0.0000 63.4661 63.4661 0.0000 0.0000  0.0000 0.0000 0.0000 0.0000 0.0000 0.0000
2023 1 30 0 0.0000 90.0000 0.0000 0.0000 0.0000 63.6640 63.6640 0.0000 0.0000  0.0000 0.0000 0.0000 0.0000 0.0000 0.0000
2023 1 31 0 0.0000 105.1200 0.0000 0.0000 0.0000 63.8680 63.8680 0.0000 0.0000  0.0000 0.0000 0.0000 0.0000 0.0000 0.0000
2023 2 1 0 0.0000 103.8300 0.0000 0.0000 0.0000 64.0613 64.0613 0.0000 0.0000  0.0000 0.0000 0.0000 0.0000 0.0000 0.0000
2023 2 2 0 0.0000 145.2800 0.0000 0.0000 0.0000 64.2620 64.2620 0.0000 0.0000  0.0000 0.0000 0.0000 0.0000 0.0000 0.0000
2023 2 3 0 0.0000 113.1000 0.0000 0.0000 0.0000 64.4646 64.4646 0.0000 0.0000  0.0000 0.0000 0.0000 0.0000 0.0000 0.0000
2023 2 4 0 0.0000 138.8200 0.0000 0.0000 0.0000 64.6396 64.6396 0.0000 0.0000  0.0000 0.0000 0.0000 0.0000 0.0000 0.0000
2023 2 5 0 0.0000 122.8300 0.0000 0.0000 0.0000 64.7943 64.7943 0.0000 0.0000  0.0000 0.0000 0.0000 0.0000 0.0000 0.0000
2023 2 6 0 0.0000 161.3800 0.0000 0.0000 0.0000 64.9382 64.9382 0.0000 0.0000  0.0000 0.0000 0.0000 0.0000 0.0000 0.0000
2023 2 7 0 0.0000 132.4500 0.0000 0.0000 0.0000 65.0722 65.0722 0.0000 0.0000  0.0000 0.0000 0.0000 0.0000 0.0000 0.0000
2023 2 8 0 0.0000 120.3300 0.0000 0.0000 0.0000 65.1986 65.1986 0.0000 0.0000  0.0000 0.0000 0.0000 0.0000 0.0000 0.0000
2023 2 9 0 0.0000 98.3400 0.0000 0.0000 0.0000 65.3309 65.3309 0.0000 0.0000  0.0000 0.0000 0.0000 0.0000 0.0000 0.0000
2023 2 10 0 0.0000 97.5400 0.0000 0.0000 0.0000 65.4767 65.4767 0.0000 0.0000  0.0000 0.0000 0.0000 0.0000 0.0000 0.0000
2023 2 11 0 0.0000 94.6300 0.0000 0.0000 0.0000 65.6332 65.6332 0.0000 0.0000  0.0000 0.0000 0.0000 0.0000 0.0000 0.0000
2023 2 12 0 0.0000 111.6200 0.0000 0.0000 0.0000 65.8004 65.8004 0.0000 0.0000  0.0000 0.0000 0.0000 0.0000 0.0000 0.0000
2023 2 13 0 0.0000 115.7800 0.0000 0.0000 0.0000 65.9732 65.9732 0.0000 0.0000  0.0000 0.0000 0.0000 0.0000 0.0000 0.0000
2023 2 14 0 0.0000 140.8300 0.0000 0.0000 0.0000 66.1456 66.1456 0.0000 0.0000  0.0000 0.0000 0.0000 0.0000 0.0000 0.0000
2023 2 15 0 0.0000 122.5300 0.0000 0.0000 0.0000 66.3047 66.3047 0.0000 0.0000  0.0000 0.0000 0.0000 0.0000 0.0000 0.0000
2023 2 16 0 0.0000 120.9800 0.0000 0.0000 0.0000 66.4453 66.4453 0.0000 0.0000  0.0000 0.0000 0.0000 0.0000 0.0000 0.0000
2023 2 17 0 0.0000 92.1200 0.0000 0.0000 0.0000 66.5905 66.5905 0.0000 0.0000  0.0000 0.0000 0.0000 0.0000 0.0000 0.0000
2023 2 18 0 0.0000 97.8800 0.0000 0.0000 0.0000 66.7536 66.7536 0.0000 0.0000  0.0000 0.0000 0.0000 0.0000 0.0000 0.0000
2023 2 19 0 0.0000 107.6300 0.0000 0.0000 0.0000 66.9292 66.9292 0.0000 0.0000  0.0000 0.0000 0.0000 0.0000 0.0000 0.0000
2023 2 20 0 0.0000 77.5600 0.0000 0.0000 0.0000 67.1166 67.1166 0.0000 0.0000  0.0000 0.0000 0.0000 0.0000 0.0000 0.0000
2023 2 21 0 0.0000 106.7100 0.0000 0.0000 0.0000 67.3164 67.3164 0.0000 0.0000  0.0000 0.0000 0.0000 0.0000 0.0000 0.0000
2023 2 22 0 0.0000 118.3800 0.0000 0.0000 0.0000 67.5107 67.5107 0.0000 0.0000  0.0000 0.0000 0.0000 0.0000 0.0000 0.0000
2023 2 23 0 0.0000 116.1600 0.0000 0.0000 0.0000 67.6955 67.6955 0.0000 0.0000  0.0000 0.0000 0.0000 0.0000 0.0000 0.0000
2023 2 24 0 0.0000 103.8000 0.0000 0.0000 0.0000 67.8821 67.8821 0.0000 0.0000  0.0000 0.0000 0.0000 0.0000 0.0000 0.0000
2023 2 25 0 0.0000 97.6000 0.0000 0.0000 0.0000 68.0840 68.0840 0.0000 0.0000  0.0000 0.0000 0.0000 0.0000 0.0000 0.0000
2023 2 26 0 0.0000 111.9200 0.0000 0.0000 0.0000 68.3340 68.3340 0.0000 0.0000  0.0000 0.0000 0.0000 0.0000 0.0000 0.0000
2023 2 27 0 0.0000 124.5700 0.0000 0.0000 0.0000 68.6343 68.6343 0.0000 0.0000  0.0000 0.0000 0.0000 0.0000 0.0000 0.0000
2023 2 28 0 0.0000 124.0900 0.0000 0.0000 0.0000 68.8968 68.8968 0.0000 0.0000  0.0000 0.0000 0.0000 0.0000 0.0000 0.0000
2023 3 1 0 0.0000 130.8400 0.0000 0.0000 0.0000 69.0000 69.0000 0.0000 0.0000  0.0000 0.0000 0.0000 0.0000 0.0000 0.0000
2023 3 2 0 0.0000 120.4000 0.0000 0.0000 0.0000 69.0000 69.0000 0.0000 0.0000  0.0000 0.0000 0.0000 0.0000 0.0000 0.0000
2023 3 3 0 0.0000 115.5800 0.0000 0.0000 0.0000 69.0000 69.0000 0.0000 0.0000  0.0000 0.0000 0.0000 0.0000 0.0000 0.0000
2023 3 4 0 0.0000 112.2200 0.0000 0.0000 0.0000 69.0000 69.0000 0.0000 0.0000  0.0000 0.0000 0.0000 0.0000 0.0000 0.0000
2023 3 5 0 0.0000 129.9600 0.0000 0.0000 0.0000 69.0000 69.0000 0.0000 0.0000  0.0000 0.0000 0.0000 0.0000 0.0000 0.0000
2023 3 6 0 0.0000 153.1300 0.0000 0.0000 0.0000 69.0000 69.0000 0.0000 0.0000  0.0000 0.0000 0.0000 0.0000 0.0000 0.0000
2023 3 7 0 0.0000 116.0800 0.0000 0.0000 0.0000 69.0000 69.0000 0.0000 0.0000  0.0000 0.0000 0.0000 0.0000 0.0000 0.0000
2023 3 8 0 0.0000 150.8300 0.0000 0.0000 0.0000 69.0000 69.0000 0.0000 0.0000  0.0000 0.0000 0.0000 0.0000 0.0000 0.0000
2023 3 9 0 0.0000 138.5100 0.0000 0.0000 0.0000 69.0000 69.0000 0.0000 0.0000  0.0000 0.0000 0.0000 0.0000 0.0000 0.0000
2023 3 10 0 0.0000 127.3700 0.0000 0.0000 0.0000 69.0000 69.0000 0.0000 0.0000  0.0000 0.0000 0.0000 0.0000 0.0000 0.0000
2023 3 11 0 0.0000 110.5300 0.0000 0.0000 0.0000 69.0000 69.0000 0.0000 0.0000  0.0000 0.0000 0.0000 0.0000 0.0000 0.0000
2023 3 12 0 0.0000 106.8200 0.0000 0.0000 0.0000 69.0000 69.0000 0.0000 0.0000  0.0000 0.0000 0.0000 0.0000 0.0000 0.0000
2023 3 13 0 0.0000 94.6800 0.0000 0.0000 0.0000 69.0000 69.0000 0.0000 0.0000  0.0000 0.0000 0.0000 0.0000 0.0000 0.0000
2023 3 14 0 0.0000 102.8300 0.0000 0.0000 0.0000 69.0000 69.0000 0.0000 0.0000  0.0000 0.0000 0.0000 0.0000 0.0000 0.0000
2023 3 15 0 0.0000 121.6400 0.0000 0.0000 0.0000 69.0000 69.0000 0.0000 0.0000  0.0000 0.0000 0.0000 0.0000 0.0000 0.0000
2023 3 16 0 0.0000 112.8100 0.0000 0.0000 0.0000 69.0000 69.0000 0.0000 0.0000  0.0000 0.0000 0.0000 0.0000 0.0000 0.0000
2023 3 17 0 0.0000 104.1500 0.0000 0.0000 0.0000 69.0000 69.0000 0.0000 0.0000  0.0000 0.0000 0.0000 0.0000 0.0000 0.0000
2023 3 18 0 0.0000 109.0000 0.0000 0.0000 0.0000 69.0000 69.0000 0.0000 0.0000  0.0000 0.0000 0.0000 0.0000 0.0000 0.0000
2023 3 19 0 0.0000 110.0900 0.0000 0.0000 0.0000 69.0000 69.0000 0.0000 0.0000  0.0000 0.0000 0.0000 0.0000 0.0000 0.0000
2023 3 20 0 0.0000 116.7600 0.0000 0.0000 0.0000 69.0000 69.0000 0.0000 0.0000  0.0000 0.0000 0.0000 0.0000 0.0000 0.0000
2023 3 21 0 0.0000 111.3100 0.0000 0.0000 0.0000 69.0000 69.0000 0.0000 0.0000  0.0000 0.0000 0.0000 0.0000 0.0000 0.0000
2023 3 22 0 0.0000 92.3600 0.0000 0.0000 0.0000 69.0000 69.0000 0.0000 0.0000  0.0000 0.0000 0.0000 0.0000 0.0000 0.0000
2023 3 23 0 0.0000 86.1100 0.0000 0.0000 0.0000 69.0000 69.0000 0.0000 0.0000  0.0000 0.0000 0.0000 0.0000 0.0000 0.0000
2023 3 24 0 0.0000 83.8300 0.0000 0.0000 0.0000 69.0000 69.0000 0.0000 0.0000  0.0000 0.0000 0.0000 0.0000 0.0000 0.0000
2023 3 25 0 0.0000 73.3600 0.0000 0.0000 0.0000 69.0000 69.0000 0.0000 0.0000  0.0000 0.0000 0.0000 0.0000 0.0000 0.0000
2023 3 26 0 0.0000 92.4600 0.0000 0.0000 0.0000 69.0000 69.0000 0.0000 0.0000  0.0000 0.0000 0.0000 0.0000 0.0000 0.0000
2023 3 27 0 0.0000 100.9400 0.0000 0.0000 0.0000 69.0000 69.0000 0.0000 0.0000  0.0000 0.0000 0.0000 0.0000 0.0000 0.0000
2023 3 28 0 0.0000 123.8500 0.0000 0.0000 0.0000 69.0000 69.0000 0.0000 0.0000  0.0000 0.0000 0.0000 0.0000 0.0000 0.0000
2023 3 29 0 0.0000 127.0200 0.0000 0.0000 0.0000 69.0000 69.0000 0.0000 0.0000  0.0000 0.0000 0.0000 0.0000 0.0000 0.0000
2023 3 30 0 0.0000 103.7800 0.0000 0.0000 0.0000 69.0000 69.0000 0.0000 0.0000  0.0000 0.0000 0.0000 0.0000 0.0000 0.0000
2023 3 31 0 0.0000 111.8200 0.0000 0.0000 0.0000 69.0000 69.0000 0.0000 0.0000  0.0000 0.0000 0.0000 0.0000 0.0000 0.0000
2023 4 1 0 0.0000 97.9300 0.0000 0.0000 0.0000 69.0000 69.0000 0.0000 0.0000  0.0000 0.0000 0.0000 0.0000 0.0000 0.0000
2023 4 2 0 0.0000 105.1000 0.0000 0.0000 0.0000 69.0000 69.0000 0.0000 0.0000  0.0000 0.0000 0.0000 0.0000 0.0000 0.0000
2023 4 3 0 0.0000 126.4800 0.0000 0.0000 0.0000 69.0000 69.0000 0.0000 0.0000  0.0000 0.0000 0.0000 0.0000 0.0000 0.0000
2023 4 4 0 0.0000 133.1300 0.0000 0.0000 0.0000 69.0000 69.0000 0.0000 0.0000  0.0000 0.0000 0.0000 0.0000 0.0000 0.0000
2023 4 5 0 0.0000 130.9100 0.0000 0.0000 0.0000 69.0000 69.0000 0.0000 0.0000  0.0000 0.0000 0.0000 0.0000 0.0000 0.0000
2023 4 6 0 0.0000 125.8900 0.0000 0.0000 0.0000 69.0000 69.0000 0.0000 0.0000  0.0000 0.0000 0.0000 0.0000 0.0000 0.0000
2023 4 7 0 0.0000 117.9200 0.0000 0.0000 0.0000 69.0000 69.0000 0.0000 0.0000  0.0000 0.0000 0.0000 0.0000 0.0000 0.0000
2023 4 8 0 0.0000 120.6500 0.0000 0.0000 0.0000 69.0000 69.0000 0.0000 0.0000  0.0000 0.0000 0.0000 0.0000 0.0000 0.0000
2023 4 9 0 0.0000 110.2100 0.0000 0.0000 0.0000 69.0000 69.0000 0.0000 0.0000  0.0000 0.0000 0.0000 0.0000 0.0000 0.0000
2023 4 10 0 0.0000 54.3700 0.0000 0.0000 0.0000 69.0000 69.0000 0.0000 0.0000  0.0000 0.0000 0.0000 0.0000 0.0000 0.0000
2023 4 11 0 0.4130 84.4600 0.0700 0.4130 0.0000 68.9659 69.0000 2.2525 0.0631  190.2421 1.0000 1.0000 0.0000 0.0000 189.2421
2023 4 12 0 4.7200 111.9800 0.8000 4.7200 0.0000 64.5443 69.0000 60.5739 0.1485  6783.0705 0.0000 0.0000 0.0000 0.0000 6783.0705
2023 4 13 0 4.7200 107.2100 0.8000 4.7200 0.0000 64.5443 69.0000 60.5739 0.1485  6494.1325 0.0000 0.0000 0.0000 0.0000 6494.1325
2023 4 14 0 4.7200 118.9300 0.8000 4.7200 0.0000 64.5443 69.0000 60.5739 0.1485  7204.0592 0.0000 0.0000 0.0000 0.0000 7204.0592
2023 4 15 0 4.7200 111.6600 0.8000 4.7200 0.0000 64.5443 69.0000 60.5739 0.1485  6763.6869 0.0000 0.0000 0.0000 0.0000 6763.6869
2023 4 16 0 4.7200 115.1500 0.8000 4.7200 0.0000 64.5443 69.0000 60.5739 0.1485  6975.0898 0.0000 0.0000 0.0000 0.0000 6975.0898
2023 4 17 0 4.7200 125.4800 0.8000 4.7200 0.0000 64.5443 69.0000 60.5739 0.1485  7600.8187 0.0000 0.0000 0.0000 0.0000 7600.8187
2023 4 18 0 4.7200 114.7600 0.8000 4.7200 0.0000 64.5443 69.0000 60.5739 0.1485  6951.4660 0.0000 0.0000 0.0000 0.0000 6951.4660
2023 4 19 0 4.7200 108.7500 0.8000 4.7200 0.0000 64.5443 69.0000 60.5739 0.1485  6587.4165 0.0000 0.0000 0.0000 0.0000 6587.4165
2023 4 20 0 4.7200 111.1600 0.8000 4.7200 0.0000 64.5443 69.0000 60.5739 0.1485  6733.3999 0.0000 0.0000 0.0000 0.0000 6733.3999
2023 4 21 0 4.7200 107.9900 0.8000 4.7200 0.0000 64.5443 69.0000 60.5739 0.1485  6541.3801 0.0000 0.0000 0.0000 0.0000 6541.3801
2023 4 22 0 4.7200 98.4000 0.8000 4.7200 0.0000 64.5443 69.0000 60.5739 0.1485  5960.4762 0.0000 0.0000 0.0000 0.0000 5960.4762
2023 4 23 0 4.7200 97.8600 0.8000 4.7200 0.0000 64.5443 69.0000 60.5739 0.1485  5927.7662 0.0000 0.0000 0.0000 0.0000 5927.7662
2023 4 24 0 4.7200 116.5300 0.8000 4.7200 0.0000 64.5443 69.0000 60.5739 0.1485  7058.6817 0.0000 0.0000 0.0000 0.0000 7058.6817
2023 4 25 0 4.7200 104.4700 0.8000 4.7200 0.0000 64.5443 69.0000 60.5739 0.1485  6328.1600 0.0000 0.0000 0.0000 0.0000 6328.1600
2023 4 26 0 4.7200 114.3700 0.8000 4.7200 0.0000 64.5443 69.0000 60.5739 0.1485  6927.8422 0.0000 0.0000 0.0000 0.0000 6927.8422
2023 4 27 0 4.7200 123.3800 0.8000 4.7200 0.0000 64.5443 69.0000 60.5739 0.1485  7473.6131 0.0000 0.0000 0.0000 0.0000 7473.6131
2023 4 28 0 4.7200 121.7100 0.8000 4.7200 0.0000 64.5443 69.0000 60.5739 0.1485  7372.4547 0.0000 0.0000 0.0000 0.0000 7372.4547
2023 4 29 0 4.7200 112.7000 0.8000 4.7200 0.0000 64.5443 69.0000 60.5739 0.1485  6826.6833 0.0000 0.0000 0.0000 0.0000 6826.6833
2023 4 30 0 4.7200 99.7900 0.8000 4.7200 0.0000 64.5443 69.0000 60.5739 0.1485  6044.6740 0.0000 0.0000 0.0000 0.0000 6044.6740
2023 5 1 0 4.7200 106.3400 0.8000 4.7200 0.0000 64.5443 69.0000 60.5739 0.1485  6441.4330 0.0000 0.0000 0.0000 0.0000 6441.4330
2023 5 2 0 4.7200 121.7900 0.8000 4.7200 0.0000 64.5443 69.0000 60.5739 0.1485  7377.3007 0.0000 0.0000 0.0000 0.0000 7377.3007
2023 5 3 0 4.7200 118.1800 0.8000 4.7200 0.0000 64.5443 69.0000 60.5739 0.1485  7158.6288 0.0000 0.0000 0.0000 0.0000 7158.6288
2023 5 4 0 4.7200 112.1600 0.8000 4.7200 0.0000 64.5443 69.0000 60.5739 0.1485  6793.9738 0.0000 0.0000 0.0000 0.0000 6793.9738
2023 5 5 0 4.7200 97.5700 0.8000 4.7200 0.0000 64.5443 69.0000 60.5739 0.1485  5910.1997 0.0000 0.0000 0.0000 0.0000 5910.1997
2023 5 6 0 4.7200 94.9300 0.8000 4.7200 0.0000 64.5443 69.0000 60.5739 0.1485  5750.2846 0.0000 0.0000 0.0000 0.0000 5750.2846
2023 5 7 0 4.7200 88.0500 0.8000 4.7200 0.0000 64.5443 69.0000 60.5739 0.1485  5333.5360 0.0000 0.0000 0.0000 0.0000 5333.5360
2023 5 8 0 4.7200 102.0400 0.8000 4.7200 0.0000 64.5443 69.0000 60.5739 0.1485  6180.9653 0.0000 0.0000 0.0000 0.0000 6180.9653
2023 5 9 0 4.7200 96.1600 0.8000 4.7200 0.0000 64.5443 69.0000 60.5739 0.1485  5824.7907 0.0000 0.0000 0.0000 0.0000 5824.7907
2023 5 10 0 4.7200 94.0200 0.8000 4.7200 0.0000 64.5443 69.0000 60.5739 0.1485  5695.1620 0.0000 0.0000 0.0000 0.0000 5695.1620
2023 5 11 0 1.3570 101.3600 0.2300 1.3570 0.0000 68.6317 69.0000 16.4767 0.1405  1670.0758 0.0000 0.0000 0.0000 0.0000 1670.0758
2023 5 12 0 0.0000 91.5000 0.0000 0.0000 0.0000 69.0000 69.0000 0.0000 0.0000  0.0000 1.0000 1.0000 0.0000 0.0000 -1.0000
2023 5 13 0 0.0000 74.6100 0.0000 0.0000 0.0000 69.0000 69.0000 0.0000 0.0000  0.0000 0.0000 0.0000 0.0000 0.0000 0.0000
2023 5 14 0 0.0000 72.7500 0.0000 0.0000 0.0000 69.0000 69.0000 0.0000 0.0000  0.0000 0.0000 0.0000 0.0000 0.0000 0.0000
2023 5 15 0 0.0000 94.8900 0.0000 0.0000 0.0000 69.0000 69.0000 0.0000 0.0000  0.0000 0.0000 0.0000 0.0000 0.0000 0.0000
2023 5 16 0 0.0000 63.0700 0.0000 0.0000 0.0000 69.0000 69.0000 0.0000 0.0000  0.0000 0.0000 0.0000 0.0000 0.0000 0.0000
2023 5 17 0 0.0000 54.3000 0.0000 0.0000 0.0000 69.0000 69.0000 0.0000 0.0000  0.0000 0.0000 0.0000 0.0000 0.0000 0.0000
2023 5 18 0 0.0000 88.1100 0.0000 0.0000 0.0000 69.0000 69.0000 0.0000 0.0000  0.0000 0.0000 0.0000 0.0000 0.0000 0.0000
2023 5 19 0 0.0000 92.9400 0.0000 0.0000 0.0000 69.0000 69.0000 0.0000 0.0000  0.0000 0.0000 0.0000 0.0000 0.0000 0.0000
2023 5 20 0 0.0000 52.6300 0.0000 0.0000 0.0000 69.0000 69.0000 0.0000 0.0000  0.0000 0.0000 0.0000 0.0000 0.0000 0.0000
2023 5 21 0 0.0000 37.1300 0.0000 0.0000 0.0000 69.0000 69.0000 0.0000 0.0000  0.0000 0.0000 0.0000 0.0000 0.0000 0.0000
2023 5 22 0 0.0000 84.4700 0.0000 0.0000 0.0000 69.0000 69.0000 0.0000 0.0000  0.0000 0.0000 0.0000 0.0000 0.0000 0.0000
2023 5 23 0 0.0000 63.0000 0.0000 0.0000 0.0000 69.0000 69.0000 0.0000 0.0000  0.0000 0.0000 0.0000 0.0000 0.0000 0.0000
2023 5 24 0 0.0000 82.4800 0.0000 0.0000 0.0000 69.0000 69.0000 0.0000 0.0000  0.0000 0.0000 0.0000 0.0000 0.0000 0.0000
2023 5 25 0 0.0000 57.6600 0.0000 0.0000 0.0000 69.0000 69.0000 0.0000 0.0000  0.0000 0.0000 0.0000 0.0000 0.0000 0.0000
2023 5 26 0 0.0000 61.9200 0.0000 0.0000 0.0000 69.0000 69.0000 0.0000 0.0000  0.0000 0.0000 0.0000 0.0000 0.0000 0.0000
2023 5 27 0 0.0000 61.7400 0.0000 0.0000 0.0000 69.0000 69.0000 0.0000 0.0000  0.0000 0.0000 0.0000 0.0000 0.0000 0.0000
2023 5 28 0 0.0000 48.1500 0.0000 0.0000 0.0000 69.0000 69.0000 0.0000 0.0000  0.0000 0.0000 0.0000 0.0000 0.0000 0.0000
2023 5 29 0 0.0000 41.9900 0.0000 0.0000 0.0000 69.0000 69.0000 0.0000 0.0000  0.0000 0.0000 0.0000 0.0000 0.0000 0.0000
2023 5 30 0 0.0000 85.7800 0.0000 0.0000 0.0000 69.0000 69.0000 0.0000 0.0000  0.0000 0.0000 0.0000 0.0000 0.0000 0.0000
2023 5 31 0 0.0000 60.1500 0.0000 0.0000 0.0000 69.0000 69.0000 0.0000 0.0000  0.0000 0.0000 0.0000 0.0000 0.0000 0.0000
2023 6 1 0 0.0000 67.1300 0.0000 0.0000 0.0000 69.0000 69.0000 0.0000 0.0000  0.0000 0.0000 0.0000 0.0000 0.0000 0.0000
2023 6 2 0 0.0000 80.9600 0.0000 0.0000 0.0000 69.0000 69.0000 0.0000 0.0000  0.0000 0.0000 0.0000 0.0000 0.0000 0.0000
2023 6 3 0 0.0000 62.3200 0.0000 0.0000 0.0000 69.0000 69.0000 0.0000 0.0000  0.0000 0.0000 0.0000 0.0000 0.0000 0.0000
2023 6 4 0 0.0000 61.2100 0.0000 0.0000 0.0000 69.0000 69.0000 0.0000 0.0000  0.0000 0.0000 0.0000 0.0000 0.0000 0.0000
2023 6 5 0 0.0000 87.8500 0.0000 0.0000 0.0000 69.0000 69.0000 0.0000 0.0000  0.0000 0.0000 0.0000 0.0000 0.0000 0.0000
2023 6 6 0 0.0000 90.1800 0.0000 0.0000 0.0000 69.0000 69.0000 0.0000 0.0000  0.0000 0.0000 0.0000 0.0000 0.0000 0.0000
2023 6 7 0 0.0000 96.7800 0.0000 0.0000 0.0000 69.0000 69.0000 0.0000 0.0000  0.0000 0.0000 0.0000 0.0000 0.0000 0.0000
2023 6 8 0 0.0000 89.0900 0.0000 0.0000 0.0000 69.0000 69.0000 0.0000 0.0000  0.0000 0.0000 0.0000 0.0000 0.0000 0.0000
2023 6 9 0 0.0000 88.9200 0.0000 0.0000 0.0000 69.0000 69.0000 0.0000 0.0000  0.0000 0.0000 0.0000 0.0000 0.0000 0.0000
2023 6 10 0 0.0000 61.8300 0.0000 0.0000 0.0000 69.0000 69.0000 0.0000 0.0000  0.0000 0.0000 0.0000 0.0000 0.0000 0.0000
2023 6 11 0 0.0000 47.6500 0.0000 0.0000 0.0000 69.0000 69.0000 0.0000 0.0000  0.0000 0.0000 0.0000 0.0000 0.0000 0.0000
2023 6 12 0 0.0000 88.7900 0.0000 0.0000 0.0000 69.0000 69.0000 0.0000 0.0000  0.0000 0.0000 0.0000 0.0000 0.0000 0.0000
2023 6 13 0 0.0000 99.0700 0.0000 0.0000 0.0000 69.0000 69.0000 0.0000 0.0000  0.0000 0.0000 0.0000 0.0000 0.0000 0.0000
2023 6 14 0 0.0000 105.6600 0.0000 0.0000 0.0000 69.0000 69.0000 0.0000 0.0000  0.0000 0.0000 0.0000 0.0000 0.0000 0.0000
2023 6 15 0 0.0000 116.5000 0.0000 0.0000 0.0000 69.0000 69.0000 0.0000 0.0000  0.0000 0.0000 0.0000 0.0000 0.0000 0.0000
2023 6 16 0 0.0000 123.1200 0.0000 0.0000 0.0000 69.0000 69.0000 0.0000 0.0000  0.0000 0.0000 0.0000 0.0000 0.0000 0.0000
2023 6 17 0 0.0000 107.5100 0.0000 0.0000 0.0000 69.0000 69.0000 0.0000 0.0000  0.0000 0.0000 0.0000 0.0000 0.0000 0.0000
2023 6 18 0 0.0000 102.7200 0.0000 0.0000 0.0000 69.0000 69.0000 0.0000 0.0000  0.0000 0.0000 0.0000 0.0000 0.0000 0.0000
2023 6 19 0 0.0000 116.7200 0.0000 0.0000 0.0000 69.0000 69.0000 0.0000 0.0000  0.0000 0.0000 0.0000 0.0000 0.0000 0.0000
2023 6 20 0 0.0000 131.3100 0.0000 0.0000 0.0000 69.0000 69.0000 0.0000 0.0000  0.0000 0.0000 0.0000 0.0000 0.0000 0.0000
2023 6 21 0 0.0000 131.9100 0.0000 0.0000 0.0000 69.0000 69.0000 0.0000 0.0000  0.0000 0.0000 0.0000 0.0000 0.0000 0.0000
2023 6 22 0 0.0000 129.3300 0.0000 0.0000 0.0000 69.0000 69.0000 0.0000 0.0000  0.0000 0.0000 0.0000 0.0000 0.0000 0.0000
2023 6 23 0 0.0000 112.7300 0.0000 0.0000 0.0000 69.0000 69.0000 0.0000 0.0000  0.0000 0.0000 0.0000 0.0000 0.0000 0.0000
2023 6 24 0 0.0000 91.6000 0.0000 0.0000 0.0000 69.0000 69.0000 0.0000 0.0000  0.0000 0.0000 0.0000 0.0000 0.0000 0.0000
2023 6 25 0 0.0000 78.9200 0.0000 0.0000 0.0000 69.0000 69.0000 0.0000 0.0000  0.0000 0.0000 0.0000 0.0000 0.0000 0.0000
2023 6 26 0 0.0000 97.3600 0.0000 0.0000 0.0000 69.0000 69.0000 0.0000 0.0000  0.0000 0.0000 0.0000 0.0000 0.0000 0.0000
2023 6 27 0 0.0000 97.1000 0.0000 0.0000 0.0000 69.0000 69.0000 0.0000 0.0000  0.0000 0.0000 0.0000 0.0000 0.0000 0.0000
2023 6 28 0 0.0000 110.3800 0.0000 0.0000 0.0000 69.0000 69.0000 0.0000 0.0000  0.0000 0.0000 0.0000 0.0000 0.0000 0.0000
2023 6 29 0 0.0000 115.5800 0.0000 0.0000 0.0000 69.0000 69.0000 0.0000 0.0000  0.0000 0.0000 0.0000 0.0000 0.0000 0.0000
2023 6 30 0 0.0000 106.1600 0.0000 0.0000 0.0000 69.0000 69.0000 0.0000 0.0000  0.0000 0.0000 0.0000 0.0000 0.0000 0.0000
2023 7 1 0 0.0000 61.0800 0.0000 0.0000 0.0000 69.0000 69.0000 0.0000 0.0000  0.0000 0.0000 0.0000 0.0000 0.0000 0.0000
2023 7 2 0 0.0000 15.9100 0.0000 0.0000 0.0000 69.0000 69.0000 0.0000 0.0000  0.0000 0.0000 0.0000 0.0000 0.0000 0.0000
2023 7 3 0 0.0000 50.3200 0.0000 0.0000 0.0000 69.0000 69.0000 0.0000 0.0000  0.0000 0.0000 0.0000 0.0000 0.0000 0.0000
2023 7 4 0 0.0000 83.2500 0.0000 0.0000 0.0000 69.0000 69.0000 0.0000 0.0000  0.0000 0.0000 0.0000 0.0000 0.0000 0.0000
2023 7 5 0 0.0000 80.5300 0.0000 0.0000 0.0000 69.0000 69.0000 0.0000 0.0000  0.0000 0.0000 0.0000 0.0000 0.0000 0.0000
2023 7 6 0 0.0000 96.7500 0.0000 0.0000 0.0000 69.0000 69.0000 0.0000 0.0000  0.0000 0.0000 0.0000 0.0000 0.0000 0.0000
2023 7 7 0 0.0000 101.0400 0.0000 0.0000 0.0000 69.0000 69.0000 0.0000 0.0000  0.0000 0.0000 0.0000 0.0000 0.0000 0.0000
2023 7 8 0 0.0000 87.4600 0.0000 0.0000 0.0000 69.0000 69.0000 0.0000 0.0000  0.0000 0.0000 0.0000 0.0000 0.0000 0.0000
2023 7 9 0 0.0000 94.0500 0.0000 0.0000 0.0000 69.0000 69.0000 0.0000 0.0000  0.0000 0.0000 0.0000 0.0000 0.0000 0.0000
2023 7 10 0 0.0000 98.2100 0.0000 0.0000 0.0000 69.0000 69.0000 0.0000 0.0000  0.0000 0.0000 0.0000 0.0000 0.0000 0.0000
2023 7 11 0 0.0000 89.8900 0.0000 0.0000 0.0000 69.0000 69.0000 0.0000 0.0000  0.0000 0.0000 0.0000 0.0000 0.0000 0.0000
2023 7 12 0 0.0000 76.6900 0.0000 0.0000 0.0000 69.0000 69.0000 0.0000 0.0000  0.0000 0.0000 0.0000 0.0000 0.0000 0.0000
2023 7 13 0 0.0000 83.4900 0.0000 0.0000 0.0000 69.0000 69.0000 0.0000 0.0000  0.0000 0.0000 0.0000 0.0000 0.0000 0.0000
2023 7 14 0 0.0000 85.4800 0.0000 0.0000 0.0000 69.0000 69.0000 0.0000 0.0000  0.0000 0.0000 0.0000 0.0000 0.0000 0.0000
2023 7 15 0 0.0000 33.3300 0.0000 0.0000 0.0000 69.0000 69.0000 0.0000 0.0000  0.0000 0.0000 0.0000 0.0000 0.0000 0.0000
2023 7 16 0 0.0000 17.8600 0.0000 0.0000 0.0000 69.0000 69.0000 0.0000 0.0000  0.0000 0.0000 0.0000 0.0000 0.0000 0.0000
2023 7 17 0 0.0000 30.5600 0.0000 0.0000 0.0000 69.0000 69.0000 0.0000 0.0000  0.0000 0.0000 0.0000 0.0000 0.0000 0.0000
2023 7 18 0 0.0000 64.7000 0.0000 0.0000 0.0000 69.0000 69.0000 0.0000 0.0000  0.0000 0.0000 0.0000 0.0000 0.0000 0.0000
2023 7 19 0 4.7200 77.7600 0.8000 4.7200 0.0000 64.5443 69.0000 60.5739 0.1485  4710.2300 1.0000 1.0000 0.0000 0.0000 4709.2300
2023 7 20 0 4.7200 64.6700 0.8000 4.7200 0.0000 64.5443 69.0000 60.5739 0.1485  3917.3169 0.0000 0.0000 0.0000 0.0000 3917.3169
2023 7 21 0 4.7200 83.1300 0.8000 4.7200 0.0000 64.5443 69.0000 60.5739 0.1485  5035.5118 0.0000 0.0000 0.0000 0.0000 5035.5118
2023 7 22 0 4.7200 75.6300 0.8000 4.7200 0.0000 64.5443 69.0000 60.5739 0.1485  4581.2072 0.0000 0.0000 0.0000 0.0000 4581.2072
2023 7 23 0 4.7200 33.2000 0.8000 4.7200 0.0000 64.5443 69.0000 60.5739 0.1485  2011.0550 0.0000 0.0000 0.0000 0.0000 2011.0550
2023 7 24 0 4.7200 69.9000 0.8000 4.7200 0.0000 64.5443 69.0000 60.5739 0.1485  4234.1188 0.0000 0.0000 0.0000 0.0000 4234.1188
2023 7 25 0 4.7200 60.2500 0.8000 4.7200 0.0000 64.5443 69.0000 60.5739 0.1485  3649.5802 0.0000 0.0000 0.0000 0.0000 3649.5802
2023 7 26 0 4.7200 69.5200 0.8000 4.7200 0.0000 64.5443 69.0000 60.5739 0.1485  4211.1004 0.0000 0.0000 0.0000 0.0000 4211.1004
2023 7 27 0 4.7200 87.3400 0.8000 4.7200 0.0000 64.5400 68.9957 60.5699 0.1485  5290.1733 0.0000 0.0000 0.0000 0.0000 5290.1733
2023 7 28 0 4.7200 86.7600 0.8000 4.7200 0.0000 64.5042 68.9599 60.5363 0.1484  5252.1301 0.0000 0.0000 0.0000 0.0000 5252.1301
2023 7 29 0 4.7200 74.6100 0.8000 4.7200 0.0000 64.4374 68.8931 60.4736 0.1483  4511.9381 0.0000 0.0000 0.0000 0.0000 4511.9381
2023 7 30 0 4.7200 39.5200 0.8000 4.7200 0.0000 64.3659 68.8216 60.4065 0.1481  2387.2657 0.0000 0.0000 0.0000 0.0000 2387.2657
2023 7 31 0 4.7200 69.3300 0.8000 4.7200 0.0000 64.3039 68.7596 60.3483 0.1480  4183.9477 0.0000 0.0000 0.0000 0.0000 4183.9477
2023 8 1 0 4.7200 73.8700 0.8000 4.7200 0.0000 64.2444 68.7001 60.2925 0.1478  4453.8074 0.0000 0.0000 0.0000 0.0000 4453.8074
2023 8 2 0 4.7200 64.7500 0.8000 4.7200 0.0000 64.1699 68.6256 60.2226 0.1477  3899.4106 0.0000 0.0000 0.0000 0.0000 3899.4106
2023 8 3 0 4.7200 43.5500 0.8000 4.7200 0.0000 64.0846 68.5403 60.1425 0.1475  2619.2060 0.0000 0.0000 0.0000 0.0000 2619.2060
2023 8 4 0 4.7200 62.1300 0.8000 4.7200 0.0000 63.9941 68.4498 60.0576 0.1473  3731.3786 0.0000 0.0000 0.0000 0.0000 3731.3786
2023 8 5 0 4.7200 76.9400 0.8000 4.7200 0.0000 63.9015 68.3572 59.9707 0.1471  4614.1434 0.0000 0.0000 0.0000 0.0000 4614.1434
2023 8 6 0 4.7200 57.5500 0.8000 4.7200 0.0000 63.8072 68.2628 59.8821 0.1468  3446.2162 0.0000 0.0000 0.0000 0.0000 3446.2162
2023 8 7 0 4.7200 16.8300 0.8000 4.7200 0.0000 63.7107 68.1663 59.7916 0.1466  1006.2919 0.0000 0.0000 0.0000 0.0000 1006.2919
2023 8 8 0 4.7200 0.0400 0.8000 4.7200 0.0000 63.6370 68.0927 59.7224 0.1464  2.3889 0.0000 0.0000 0.0000 0.0000 2.3889
2023 8 9 0 4.7200 14.7000 0.8000 4.7200 0.0000 63.5900 68.0457 59.6783 0.1463  877.2717 0.0000 0.0000 0.0000 0.0000 877.2717
2023 8 10 0 4.7200 51.2900 0.8000 4.7200 0.0000 63.5409 67.9966 59.6323 0.1462  3058.5385 0.0000 0.0000 0.0000 0.0000 3058.5385
2023 8 11 0 4.7200 72.3800 0.8000 4.7200 0.0000 63.4871 67.9427 59.5817 0.1461  4312.5246 0.0000 0.0000 0.0000 0.0000 4312.5246
2023 8 12 0 4.7200 69.7000 0.8000 4.7200 0.0000 63.4255 67.8811 59.5239 0.1460  4148.8157 0.0000 0.0000 0.0000 0.0000 4148.8157
2023 8 13 0 4.7200 63.1900 0.8000 4.7200 0.0000 63.3505 67.8062 59.4536 0.1458  3756.8698 0.0000 0.0000 0.0000 0.0000 3756.8698
2023 8 14 0 4.7200 85.9500 0.8000 4.7200 0.0000 63.2695 67.7252 59.3775 0.1456  5103.4993 0.0000 0.0000 0.0000 0.0000 5103.4993
2023 8 15 0 4.7200 82.7300 0.8000 4.7200 0.0000 63.2303 67.6860 59.3407 0.1455  4909.2601 0.0000 0.0000 0.0000 0.0000 4909.2601
2023 8 16 0 4.7200 93.5300 0.8000 4.7200 0.0000 63.2527 67.7084 59.3618 0.1456  5552.1063 0.0000 0.0000 0.0000 0.0000 5552.1063
2023 8 17 0 4.7200 92.9900 0.8000 4.7200 0.0000 63.2790 67.7347 59.3864 0.1456  5522.3444 0.0000 0.0000 0.0000 0.0000 5522.3444
2023 8 18 0 4.7200 84.3900 0.8000 4.7200 0.0000 63.2781 67.7338 59.3856 0.1456  5011.5529 0.0000 0.0000 0.0000 0.0000 5011.5529
2023 8 19 0 4.7200 48.8800 0.8000 4.7200 0.0000 63.2617 67.7174 59.3703 0.1456  2902.0184 0.0000 0.0000 0.0000 0.0000 2902.0184
2023 8 20 0 4.7200 75.6000 0.8000 4.7200 0.0000 63.2885 67.7441 59.3953 0.1456  4490.2868 0.0000 0.0000 0.0000 0.0000 4490.2868
2023 8 21 0 4.7200 88.4800 0.8000 4.7200 0.0000 63.3384 67.7941 59.4422 0.1458  5259.4487 0.0000 0.0000 0.0000 0.0000 5259.4487
2023 8 22 0 4.7200 92.0800 0.8000 4.7200 0.0000 63.3501 67.8057 59.4531 0.1458  5474.4458 0.0000 0.0000 0.0000 0.0000 5474.4458
2023 8 23 0 4.7200 99.5400 0.8000 4.7200 0.0000 63.3371 67.7928 59.4410 0.1458  5916.7588 0.0000 0.0000 0.0000 0.0000 5916.7588
2023 8 24 0 4.7200 99.6900 0.8000 4.7200 0.0000 63.3065 67.7622 59.4123 0.1457  5922.8133 0.0000 0.0000 0.0000 0.0000 5922.8133
2023 8 25 0 4.7200 93.1800 0.8000 4.7200 0.0000 63.2824 67.7381 59.3897 0.1456  5533.9293 0.0000 0.0000 0.0000 0.0000 5533.9293
2023 8 26 0 4.7200 87.9600 0.8000 4.7200 0.0000 63.3074 67.7631 59.4131 0.1457  5225.9779 0.0000 0.0000 0.0000 0.0000 5225.9779
2023 8 27 0 4.7200 89.4800 0.8000 4.7200 0.0000 63.3725 67.8281 59.4742 0.1458  5321.7490 0.0000 0.0000 0.0000 0.0000 5321.7490
2023 8 28 0 4.7200 91.8000 0.8000 4.7200 0.0000 63.4207 67.8764 59.5195 0.1459  5463.8860 0.0000 0.0000 0.0000 0.0000 5463.8860
2023 8 29 0 4.7200 95.0600 0.8000 4.7200 0.0000 63.4319 67.8876 59.5300 0.1460  5658.9184 0.0000 0.0000 0.0000 0.0000 5658.9184
2023 8 30 0 4.7200 99.5900 0.8000 4.7200 0.0000 63.4186 67.8742 59.5174 0.1459  5927.3408 0.0000 0.0000 0.0000 0.0000 5927.3408
2023 8 31 0 4.7200 97.2200 0.8000 4.7200 0.0000 63.3897 67.8454 59.4903 0.1459  5783.6512 0.0000 0.0000 0.0000 0.0000 5783.6512
