CHANNEL node 4 GRONANI
N_CASCADE_LINRES 3
K_TRAVELTIME_HOURS 1.00
yyyy mm dd hh [m3/s]    [Mm3]       [m3/s]      [Euro]
yyyy mm dd hh Up_Inflow Storage_Mm3 tot_outflow Qmin_Cost
2022 9 1 0 0.0000 0.00000000 0.0000 0.0000 
2022 9 2 0 0.0000 0.00000000 0.0000 0.0000 
2022 9 3 0 0.0000 0.00000000 0.0000 0.0000 
2022 9 4 0 0.0000 0.00000000 0.0000 0.0000 
2022 9 5 0 0.0000 0.00000000 0.0000 0.0000 
2022 9 6 0 0.0000 0.00000000 0.0000 0.0000 
2022 9 7 0 0.0000 0.00000000 0.0000 0.0000 
2022 9 8 0 0.0000 0.00000000 0.0000 0.0000 
2022 9 9 0 0.0000 0.00000000 0.0000 0.0000 
2022 9 10 0 0.0000 0.00000000 0.0000 0.0000 
2022 9 11 0 0.0000 0.00000000 0.0000 0.0000 
2022 9 12 0 0.0000 0.00000000 0.0000 0.0000 
2022 9 13 0 0.0000 0.00000000 0.0000 0.0000 
2022 9 14 0 0.0000 0.00000000 0.0000 0.0000 
2022 9 15 0 0.0000 0.00000000 0.0000 0.0000 
2022 9 16 0 0.0000 0.00000000 0.0000 0.0000 
2022 9 17 0 0.0000 0.00000000 0.0000 0.0000 
2022 9 18 0 0.0000 0.00000000 0.0000 0.0000 
2022 9 19 0 0.0000 0.00000000 0.0000 0.0000 
2022 9 20 0 0.0000 0.00000000 0.0000 0.0000 
2022 9 21 0 0.0000 0.00000000 0.0000 0.0000 
2022 9 22 0 0.0000 0.00000000 0.0000 0.0000 
2022 9 23 0 0.0000 0.00000000 0.0000 0.0000 
2022 9 24 0 0.0000 0.00000000 0.0000 0.0000 
2022 9 25 0 0.0000 0.00000000 0.0000 0.0000 
2022 9 26 0 0.0000 0.00000000 0.0000 0.0000 
2022 9 27 0 0.0000 0.00000000 0.0000 0.0000 
2022 9 28 0 0.0000 0.00000000 0.0000 0.0000 
2022 9 29 0 0.0000 0.00000000 0.0000 0.0000 
2022 9 30 0 0.0000 0.00000000 0.0000 0.0000 
2022 10 1 0 0.0000 0.00000000 0.0000 0.0000 
2022 10 2 0 0.0000 0.00000000 0.0000 0.0000 
2022 10 3 0 0.0000 0.00000000 0.0000 0.0000 
2022 10 4 0 0.0000 0.00000000 0.0000 0.0000 
2022 10 5 0 0.0000 0.00000000 0.0000 0.0000 
2022 10 6 0 0.0000 0.00000000 0.0000 0.0000 
2022 10 7 0 0.0000 0.00000000 0.0000 0.0000 
2022 10 8 0 0.0000 0.00000000 0.0000 0.0000 
2022 10 9 0 0.0000 0.00000000 0.0000 0.0000 
2022 10 10 0 0.0000 0.00000000 0.0000 0.0000 
2022 10 11 0 0.0000 0.00000000 0.0000 0.0000 
2022 10 12 0 0.0000 0.00000000 0.0000 0.0000 
2022 10 13 0 0.0000 0.00000000 0.0000 0.0000 
2022 10 14 0 0.0000 0.00000000 0.0000 0.0000 
2022 10 15 0 0.0000 0.00000000 0.0000 0.0000 
2022 10 16 0 0.0000 0.00000000 0.0000 0.0000 
2022 10 17 0 0.0000 0.00000000 0.0000 0.0000 
2022 10 18 0 0.0000 0.00000000 0.0000 0.0000 
2022 10 19 0 0.0000 0.00000000 0.0000 0.0000 
2022 10 20 0 0.5731 0.00203472 0.5496 0.0000 
2022 10 21 0 1.2156 0.00434413 1.1889 0.0000 
2022 10 22 0 1.4224 0.00511020 1.4135 0.0000 
2022 10 23 0 2.3836 0.00853292 2.3439 0.0000 
2022 10 24 0 3.3281 0.01193391 3.2887 0.0000 
2022 10 25 0 2.8341 0.01022699 2.8538 0.0000 
2022 10 26 0 5.9339 0.02120788 5.8068 0.0000 
2022 10 27 0 3.4903 0.01268608 3.5890 0.0000 
2022 10 28 0 2.8005 0.01011686 2.8303 0.0000 
2022 10 29 0 3.1566 0.01134633 3.1424 0.0000 
2022 10 30 0 2.9351 0.01057728 2.9440 0.0000 
2022 10 31 0 2.0822 0.00753826 2.1173 0.0000 
2022 11 1 0 1.9862 0.00715543 1.9907 0.0000 
2022 11 2 0 3.0301 0.01085647 2.9873 0.0000 
2022 11 3 0 6.4863 0.02317838 6.3437 0.0000 
2022 11 4 0 6.3753 0.02295588 6.3779 0.0000 
2022 11 5 0 5.4073 0.01951434 5.4471 0.0000 
2022 11 6 0 4.0496 0.01464619 4.1059 0.0000 
2022 11 7 0 5.3890 0.01933398 5.3347 0.0000 
2022 11 8 0 4.5446 0.01640230 4.5785 0.0000 
2022 11 9 0 5.4722 0.01965402 5.4346 0.0000 
2022 11 10 0 4.1136 0.01487628 4.1689 0.0000 
2022 11 11 0 3.3884 0.01223482 3.4190 0.0000 
2022 11 12 0 2.7944 0.01008960 2.8192 0.0000 
2022 11 13 0 2.3741 0.00856796 2.3918 0.0000 
2022 11 14 0 2.1752 0.00784066 2.1836 0.0000 
2022 11 15 0 2.5674 0.00922310 2.5514 0.0000 
2022 11 16 0 3.6242 0.01299449 3.5806 0.0000 
2022 11 17 0 6.7287 0.02406841 6.6005 0.0000 
2022 11 18 0 3.2109 0.01173363 3.3537 0.0000 
2022 11 19 0 2.2589 0.00818039 2.3001 0.0000 
2022 11 20 0 2.1870 0.00787702 2.1905 0.0000 
2022 11 21 0 1.6951 0.00612701 1.7154 0.0000 
2022 11 22 0 1.4187 0.00512107 1.4303 0.0000 
2022 11 23 0 1.5182 0.00546068 1.5143 0.0000 
2022 11 24 0 1.6568 0.00595773 1.6511 0.0000 
2022 11 25 0 2.4445 0.00876098 2.4121 0.0000 
2022 11 26 0 3.6213 0.01297780 3.5725 0.0000 
2022 11 27 0 4.0962 0.01472243 4.0760 0.0000 
2022 11 28 0 5.4330 0.01949226 5.3778 0.0000 
2022 11 29 0 3.6018 0.01305722 3.6763 0.0000 
2022 11 30 0 2.5735 0.00931631 2.6168 0.0000 
2022 12 1 0 1.9998 0.00722804 2.0240 0.0000 
2022 12 2 0 1.6664 0.00601587 1.6805 0.0000 
2022 12 3 0 1.4185 0.00511897 1.4289 0.0000 
2022 12 4 0 1.2691 0.00457626 1.2754 0.0000 
2022 12 5 0 1.1639 0.00419517 1.1683 0.0000 
2022 12 6 0 1.1225 0.00404301 1.1242 0.0000 
2022 12 7 0 1.0888 0.00392154 1.0903 0.0000 
2022 12 8 0 0.0000 0.00005420 0.0448 0.0000 
2022 12 9 0 0.0000 0.00000025 0.0006 0.0000 
2022 12 10 0 0.0000 0.00000000 0.0000 0.0000 
2022 12 11 0 0.0000 0.00000000 0.0000 0.0000 
2022 12 12 0 0.0000 0.00000000 0.0000 0.0000 
2022 12 13 0 0.0000 0.00000000 0.0000 0.0000 
2022 12 14 0 0.0000 0.00000000 0.0000 0.0000 
2022 12 15 0 0.0000 0.00000000 0.0000 0.0000 
2022 12 16 0 0.0000 0.00000000 0.0000 0.0000 
2022 12 17 0 0.0000 0.00000000 0.0000 0.0000 
2022 12 18 0 0.0000 0.00000000 0.0000 0.0000 
2022 12 19 0 0.0000 0.00000000 0.0000 0.0000 
2022 12 20 0 0.0000 0.00000000 0.0000 0.0000 
2022 12 21 0 0.0000 0.00000000 0.0000 0.0000 
2022 12 22 0 0.0000 0.00000000 0.0000 0.0000 
2022 12 23 0 0.0000 0.00000000 0.0000 0.0000 
2022 12 24 0 0.0000 0.00000000 0.0000 0.0000 
2022 12 25 0 0.0000 0.00000000 0.0000 0.0000 
2022 12 26 0 0.0000 0.00000000 0.0000 0.0000 
2022 12 27 0 0.0000 0.00000000 0.0000 0.0000 
2022 12 28 0 0.0000 0.00000000 0.0000 0.0000 
2022 12 29 0 0.0000 0.00000000 0.0000 0.0000 
2022 12 30 0 0.0000 0.00000000 0.0000 0.0000 
2022 12 31 0 0.0000 0.00000000 0.0000 0.0000 
2023 1 1 0 0.0000 0.00000000 0.0000 0.0000 
2023 1 2 0 0.0000 0.00000000 0.0000 0.0000 
2023 1 3 0 0.0000 0.00000000 0.0000 0.0000 
2023 1 4 0 0.0000 0.00000000 0.0000 0.0000 
2023 1 5 0 0.0000 0.00000000 0.0000 0.0000 
2023 1 6 0 0.0000 0.00000000 0.0000 0.0000 
2023 1 7 0 0.0000 0.00000000 0.0000 0.0000 
2023 1 8 0 0.0000 0.00000000 0.0000 0.0000 
2023 1 9 0 0.0000 0.00000000 0.0000 0.0000 
2023 1 10 0 0.0000 0.00000000 0.0000 0.0000 
2023 1 11 0 0.0000 0.00000000 0.0000 0.0000 
2023 1 12 0 0.0000 0.00000000 0.0000 0.0000 
2023 1 13 0 0.0000 0.00000000 0.0000 0.0000 
2023 1 14 0 0.0000 0.00000000 0.0000 0.0000 
2023 1 15 0 0.0000 0.00000000 0.0000 0.0000 
2023 1 16 0 0.0000 0.00000000 0.0000 0.0000 
2023 1 17 0 0.0000 0.00000000 0.0000 0.0000 
2023 1 18 0 0.0000 0.00000000 0.0000 0.0000 
2023 1 19 0 0.0000 0.00000000 0.0000 0.0000 
2023 1 20 0 0.0000 0.00000000 0.0000 0.0000 
2023 1 21 0 0.0000 0.00000000 0.0000 0.0000 
2023 1 22 0 0.0000 0.00000000 0.0000 0.0000 
2023 1 23 0 0.0000 0.00000000 0.0000 0.0000 
2023 1 24 0 0.0000 0.00000000 0.0000 0.0000 
2023 1 25 0 0.0000 0.00000000 0.0000 0.0000 
2023 1 26 0 0.0000 0.00000000 0.0000 0.0000 
2023 1 27 0 0.0000 0.00000000 0.0000 0.0000 
2023 1 28 0 0.0000 0.00000000 0.0000 0.0000 
2023 1 29 0 0.0000 0.00000000 0.0000 0.0000 
2023 1 30 0 0.0000 0.00000000 0.0000 0.0000 
2023 1 31 0 0.0000 0.00000000 0.0000 0.0000 
2023 2 1 0 0.0000 0.00000000 0.0000 0.0000 
2023 2 2 0 0.0000 0.00000000 0.0000 0.0000 
2023 2 3 0 0.0000 0.00000000 0.0000 0.0000 
2023 2 4 0 0.0000 0.00000000 0.0000 0.0000 
2023 2 5 0 0.0000 0.00000000 0.0000 0.0000 
2023 2 6 0 0.0000 0.00000000 0.0000 0.0000 
2023 2 7 0 0.0000 0.00000000 0.0000 0.0000 
2023 2 8 0 0.0000 0.00000000 0.0000 0.0000 
2023 2 9 0 0.0000 0.00000000 0.0000 0.0000 
2023 2 10 0 0.0000 0.00000000 0.0000 0.0000 
2023 2 11 0 0.0000 0.00000000 0.0000 0.0000 
2023 2 12 0 0.0000 0.00000000 0.0000 0.0000 
2023 2 13 0 0.0000 0.00000000 0.0000 0.0000 
2023 2 14 0 0.0000 0.00000000 0.0000 0.0000 
2023 2 15 0 0.0000 0.00000000 0.0000 0.0000 
2023 2 16 0 0.0000 0.00000000 0.0000 0.0000 
2023 2 17 0 0.0000 0.00000000 0.0000 0.0000 
2023 2 18 0 0.0000 0.00000000 0.0000 0.0000 
2023 2 19 0 0.0000 0.00000000 0.0000 0.0000 
2023 2 20 0 0.0000 0.00000000 0.0000 0.0000 
2023 2 21 0 0.0000 0.00000000 0.0000 0.0000 
2023 2 22 0 0.0000 0.00000000 0.0000 0.0000 
2023 2 23 0 0.0000 0.00000000 0.0000 0.0000 
2023 2 24 0 0.0000 0.00000000 0.0000 0.0000 
2023 2 25 0 0.0000 0.00000000 0.0000 0.0000 
2023 2 26 0 0.0000 0.00000000 0.0000 0.0000 
2023 2 27 0 0.0000 0.00000000 0.0000 0.0000 
2023 2 28 0 0.0000 0.00000000 0.0000 0.0000 
2023 3 1 0 0.0000 0.00000000 0.0000 0.0000 
2023 3 2 0 0.0000 0.00000000 0.0000 0.0000 
2023 3 3 0 0.0000 0.00000000 0.0000 0.0000 
2023 3 4 0 0.0000 0.00000000 0.0000 0.0000 
2023 3 5 0 0.0000 0.00000000 0.0000 0.0000 
2023 3 6 0 0.0000 0.00000000 0.0000 0.0000 
2023 3 7 0 0.0000 0.00000000 0.0000 0.0000 
2023 3 8 0 0.0000 0.00000000 0.0000 0.0000 
2023 3 9 0 0.0000 0.00000000 0.0000 0.0000 
2023 3 10 0 0.0000 0.00000000 0.0000 0.0000 
2023 3 11 0 0.0000 0.00000000 0.0000 0.0000 
2023 3 12 0 0.0000 0.00000000 0.0000 0.0000 
2023 3 13 0 0.0000 0.00000000 0.0000 0.0000 
2023 3 14 0 0.0000 0.00000000 0.0000 0.0000 
2023 3 15 0 0.0000 0.00000000 0.0000 0.0000 
2023 3 16 0 0.0000 0.00000000 0.0000 0.0000 
2023 3 17 0 0.0000 0.00000000 0.0000 0.0000 
2023 3 18 0 0.0000 0.00000000 0.0000 0.0000 
2023 3 19 0 0.0000 0.00000000 0.0000 0.0000 
2023 3 20 0 0.0000 0.00000000 0.0000 0.0000 
2023 3 21 0 0.0000 0.00000000 0.0000 0.0000 
2023 3 22 0 0.0000 0.00000000 0.0000 0.0000 
2023 3 23 0 0.0000 0.00000000 0.0000 0.0000 
2023 3 24 0 0.0000 0.00000000 0.0000 0.0000 
2023 3 25 0 0.0000 0.00000000 0.0000 0.0000 
2023 3 26 0 0.0000 0.00000000 0.0000 0.0000 
2023 3 27 0 0.0000 0.00000000 0.0000 0.0000 
2023 3 28 0 0.0000 0.00000000 0.0000 0.0000 
2023 3 29 0 0.0000 0.00000000 0.0000 0.0000 
2023 3 30 0 0.1212 0.00043039 0.1162 0.0000 
2023 3 31 0 0.6964 0.00247841 0.6727 0.0000 
2023 4 1 0 2.7886 0.00993470 2.7023 0.0000 
2023 4 2 0 3.2832 0.01179428 3.2616 0.0000 
2023 4 3 0 2.3708 0.00858027 2.4080 0.0000 
2023 4 4 0 1.6449 0.00595781 1.6752 0.0000 
2023 4 5 0 1.3304 0.00480525 1.3437 0.0000 
2023 4 6 0 1.1504 0.00415053 1.1580 0.0000 
2023 4 7 0 0.9917 0.00357805 0.9983 0.0000 
2023 4 8 0 0.8756 0.00315803 0.8805 0.0000 
2023 4 9 0 0.8022 0.00289162 0.8053 0.0000 
2023 4 10 0 0.7895 0.00284268 0.7900 0.0000 
2023 4 11 0 1.5402 0.00550731 1.5093 0.0000 
2023 4 12 0 0.0000 0.00007648 0.0629 0.0000 
2023 4 13 0 0.0000 0.00000036 0.0009 0.0000 
2023 4 14 0 0.0000 0.00000000 0.0000 0.0000 
2023 4 15 0 0.0000 0.00000000 0.0000 0.0000 
2023 4 16 0 0.0000 0.00000000 0.0000 0.0000 
2023 4 17 0 0.0000 0.00000000 0.0000 0.0000 
2023 4 18 0 0.0000 0.00000000 0.0000 0.0000 
2023 4 19 0 0.0000 0.00000000 0.0000 0.0000 
2023 4 20 0 0.0000 0.00000000 0.0000 0.0000 
2023 4 21 0 0.0000 0.00000000 0.0000 0.0000 
2023 4 22 0 0.0000 0.00000000 0.0000 0.0000 
2023 4 23 0 0.0000 0.00000000 0.0000 0.0000 
2023 4 24 0 0.0000 0.00000000 0.0000 0.0000 
2023 4 25 0 0.0000 0.00000000 0.0000 0.0000 
2023 4 26 0 0.0000 0.00000000 0.0000 0.0000 
2023 4 27 0 0.0000 0.00000000 0.0000 0.0000 
2023 4 28 0 0.0000 0.00000000 0.0000 0.0000 
2023 4 29 0 0.0000 0.00000000 0.0000 0.0000 
2023 4 30 0 0.0000 0.00000000 0.0000 0.0000 
2023 5 1 0 0.0000 0.00000000 0.0000 0.0000 
2023 5 2 0 0.0000 0.00000000 0.0000 0.0000 
2023 5 3 0 0.0000 0.00000000 0.0000 0.0000 
2023 5 4 0 0.0000 0.00000000 0.0000 0.0000 
2023 5 5 0 0.0000 0.00000000 0.0000 0.0000 
2023 5 6 0 0.0000 0.00000000 0.0000 0.0000 
2023 5 7 0 0.0000 0.00000000 0.0000 0.0000 
2023 5 8 0 0.0000 0.00000000 0.0000 0.0000 
2023 5 9 0 0.0000 0.00000000 0.0000 0.0000 
2023 5 10 0 0.0000 0.00000000 0.0000 0.0000 
2023 5 11 0 0.0000 0.00000000 0.0000 0.0000 
2023 5 12 0 0.0000 0.00000000 0.0000 0.0000 
2023 5 13 0 0.0000 0.00000000 0.0000 0.0000 
2023 5 14 0 0.0000 0.00000000 0.0000 0.0000 
2023 5 15 0 0.0000 0.00000000 0.0000 0.0000 
2023 5 16 0 1.9268 0.00684063 1.8476 0.0000 
2023 5 17 0 9.7693 0.03477878 9.4460 0.0000 
2023 5 18 0 6.5483 0.02373230 6.6761 0.0000 
2023 5 19 0 6.2055 0.02235762 6.2214 0.0000 
2023 5 20 0 6.1651 0.02219650 6.1670 0.0000 
2023 5 21 0 5.8328 0.02101468 5.8465 0.0000 
2023 5 22 0 5.7185 0.02059234 5.7234 0.0000 
2023 5 23 0 7.4608 0.02677215 7.3893 0.0000 
2023 5 24 0 7.2909 0.02625546 7.2969 0.0000 
2023 5 25 0 6.6157 0.02385019 6.6435 0.0000 
2023 5 26 0 6.6906 0.02408275 6.6880 0.0000 
2023 5 27 0 5.8894 0.02124153 5.9222 0.0000 
2023 5 28 0 4.7549 0.01717426 4.8020 0.0000 
2023 5 29 0 3.6704 0.01326755 3.7156 0.0000 
2023 5 30 0 3.1026 0.01119794 3.1266 0.0000 
2023 5 31 0 2.7026 0.00974950 2.7194 0.0000 
2023 6 1 0 2.3874 0.00861051 2.4006 0.0000 
2023 6 2 0 2.0423 0.00736950 2.0567 0.0000 
2023 6 3 0 1.7492 0.00631179 1.7614 0.0000 
2023 6 4 0 1.5449 0.00557193 1.5535 0.0000 
2023 6 5 0 1.3797 0.00497522 1.3866 0.0000 
2023 6 6 0 1.2111 0.00436827 1.2181 0.0000 
2023 6 7 0 1.0617 0.00382952 1.0679 0.0000 
2023 6 8 0 0.9247 0.00333563 0.9304 0.0000 
2023 6 9 0 0.8039 0.00290004 0.8089 0.0000 
2023 6 10 0 0.6948 0.00250670 0.6993 0.0000 
2023 6 11 0 0.6011 0.00216862 0.6050 0.0000 
2023 6 12 0 0.5238 0.00188964 0.5271 0.0000 
2023 6 13 0 0.4632 0.00167055 0.4657 0.0000 
2023 6 14 0 0.4054 0.00146232 0.4078 0.0000 
2023 6 15 0 0.3624 0.00130693 0.3642 0.0000 
2023 6 16 0 0.3309 0.00119284 0.3322 0.0000 
2023 6 17 0 0.3010 0.00108503 0.3022 0.0000 
2023 6 18 0 0.2801 0.00100926 0.2809 0.0000 
2023 6 19 0 0.2640 0.00095111 0.2646 0.0000 
2023 6 20 0 0.2624 0.00094471 0.2625 0.0000 
2023 6 21 0 0.2979 0.00107071 0.2965 0.0000 
2023 6 22 0 0.6104 0.00218201 0.5976 0.0000 
2023 6 23 0 0.6635 0.00238596 0.6612 0.0000 
2023 6 24 0 0.5823 0.00210028 0.5856 0.0000 
2023 6 25 0 0.4808 0.00173597 0.4850 0.0000 
2023 6 26 0 0.4095 0.00147770 0.4125 0.0000 
2023 6 27 0 0.3646 0.00131468 0.3664 0.0000 
2023 6 28 0 0.3407 0.00122763 0.3417 0.0000 
2023 6 29 0 0.3232 0.00116447 0.3240 0.0000 
2023 6 30 0 0.3219 0.00115874 0.3219 0.0000 
2023 7 1 0 0.3084 0.00111098 0.3090 0.0000 
2023 7 2 0 0.3049 0.00109782 0.3051 0.0000 
2023 7 3 0 0.3029 0.00109039 0.3029 0.0000 
2023 7 4 0 0.3312 0.00119101 0.3301 0.0000 
2023 7 5 0 0.3480 0.00125193 0.3473 0.0000 
2023 7 6 0 0.3843 0.00138183 0.3828 0.0000 
2023 7 7 0 0.4518 0.00162315 0.4490 0.0000 
2023 7 8 0 0.6324 0.00226777 0.6250 0.0000 
2023 7 9 0 0.7516 0.00269990 0.7466 0.0000 
2023 7 10 0 0.7564 0.00272261 0.7561 0.0000 
2023 7 11 0 0.7528 0.00271014 0.7529 0.0000 
2023 7 12 0 0.8667 0.00311429 0.8620 0.0000 
2023 7 13 0 0.8334 0.00300185 0.8347 0.0000 
2023 7 14 0 0.7456 0.00268837 0.7492 0.0000 
2023 7 15 0 0.7878 0.00283392 0.7861 0.0000 
2023 7 16 0 1.3297 0.00475991 1.3074 0.0000 
2023 7 17 0 2.1142 0.00757204 2.0817 0.0000 
2023 7 18 0 2.0555 0.00740241 2.0574 0.0000 
2023 7 19 0 0.0000 0.00010231 0.0845 0.0000 
2023 7 20 0 0.0000 0.00000048 0.0012 0.0000 
2023 7 21 0 0.0000 0.00000000 0.0000 0.0000 
2023 7 22 0 0.0000 0.00000000 0.0000 0.0000 
2023 7 23 0 0.0000 0.00000000 0.0000 0.0000 
2023 7 24 0 0.0000 0.00000000 0.0000 0.0000 
2023 7 25 0 0.0000 0.00000000 0.0000 0.0000 
2023 7 26 0 0.0000 0.00000000 0.0000 0.0000 
2023 7 27 0 0.0000 0.00000000 0.0000 0.0000 
2023 7 28 0 0.0000 0.00000000 0.0000 0.0000 
2023 7 29 0 0.0000 0.00000000 0.0000 0.0000 
2023 7 30 0 0.0000 0.00000000 0.0000 0.0000 
2023 7 31 0 0.0000 0.00000000 0.0000 0.0000 
2023 8 1 0 0.0000 0.00000000 0.0000 0.0000 
2023 8 2 0 0.0000 0.00000000 0.0000 0.0000 
2023 8 3 0 0.0000 0.00000000 0.0000 0.0000 
2023 8 4 0 0.0000 0.00000000 0.0000 0.0000 
2023 8 5 0 0.0000 0.00000000 0.0000 0.0000 
2023 8 6 0 0.0000 0.00000000 0.0000 0.0000 
2023 8 7 0 0.0000 0.00000000 0.0000 0.0000 
2023 8 8 0 0.0000 0.00000000 0.0000 0.0000 
2023 8 9 0 0.0000 0.00000000 0.0000 0.0000 
2023 8 10 0 0.0000 0.00000000 0.0000 0.0000 
2023 8 11 0 0.0000 0.00000000 0.0000 0.0000 
2023 8 12 0 0.0000 0.00000000 0.0000 0.0000 
2023 8 13 0 0.0000 0.00000000 0.0000 0.0000 
2023 8 14 0 0.0000 0.00000000 0.0000 0.0000 
2023 8 15 0 0.0000 0.00000000 0.0000 0.0000 
2023 8 16 0 0.0000 0.00000000 0.0000 0.0000 
2023 8 17 0 0.0000 0.00000000 0.0000 0.0000 
2023 8 18 0 0.0000 0.00000000 0.0000 0.0000 
2023 8 19 0 0.0000 0.00000000 0.0000 0.0000 
2023 8 20 0 0.0000 0.00000000 0.0000 0.0000 
2023 8 21 0 0.0000 0.00000000 0.0000 0.0000 
2023 8 22 0 0.0000 0.00000000 0.0000 0.0000 
2023 8 23 0 0.0000 0.00000000 0.0000 0.0000 
2023 8 24 0 0.0000 0.00000000 0.0000 0.0000 
2023 8 25 0 0.0000 0.00000000 0.0000 0.0000 
2023 8 26 0 0.0000 0.00000000 0.0000 0.0000 
2023 8 27 0 0.0000 0.00000000 0.0000 0.0000 
2023 8 28 0 0.0000 0.00000000 0.0000 0.0000 
2023 8 29 0 0.0000 0.00000000 0.0000 0.0000 
2023 8 30 0 0.0000 0.00000000 0.0000 0.0000 
2023 8 31 0 0.0000 0.00000000 0.0000 0.0000 
