POWERSTATION node 1 SVOLETJONN
init_Power = 0.00000
penstock_config = SHARED
headloss_coef = 0.300000
yyyy mm dd hh [m3/s]    [Euro/MWh]  [fr_g0] [m3/s] [m3/s] [m] [m] [MWh] [GWh/Mm3] [Euro] [Euro] [Euro] [Euro] [Euro] [Euro]
yyyy mm dd hh Up_Inflow Price Action_g0 tot_outflow auto_qmin Hnetto Hbrutto Power est_eekv income tot_cost startstopCost adjust_cost cost_aggressive_actions profit
2022 9 1 0 4.0000 564.8800 1.0000 4.0000 0.0000 62.0428 66.8428 45.9799 0.1330  25973.1276 1.0000 1.0000 0.0000 0.0000 25972.1276
2022 9 2 0 3.2000 425.8500 0.8000 3.2000 0.0000 63.4890 66.5610 40.3956 0.1461  17202.4751 0.0000 0.0000 0.0000 0.0000 17202.4751
2022 9 3 0 2.8000 383.9200 0.7000 2.8000 0.0000 63.9759 66.3279 36.4267 0.1506  13984.9533 0.0000 0.0000 0.0000 0.0000 13984.9533
2022 9 4 0 3.2000 310.1000 0.8000 3.2000 0.0000 63.0233 66.0953 40.0993 0.1450  12434.7947 0.0000 0.0000 0.0000 0.0000 12434.7947
2022 9 5 0 0.4000 388.8400 0.1000 0.4000 0.0000 65.9223 65.9703 2.9790 0.0862  1158.3419 0.0000 0.0000 0.0000 0.0000 1158.3419
2022 9 6 0 0.0000 414.3500 0.0000 0.0000 0.0000 65.9893 65.9893 0.0000 0.0000  0.0000 1.0000 1.0000 0.0000 0.0000 -1.0000
2022 9 7 0 3.2000 451.5300 0.8000 3.2000 0.0000 62.8195 65.8915 39.9697 0.1446  18047.4961 1.0000 1.0000 0.0000 0.0000 18046.4961
2022 9 8 0 3.2000 426.5600 0.8000 3.2000 0.0000 62.5821 65.6541 39.8186 0.1440  16985.0281 0.0000 0.0000 0.0000 0.0000 16985.0281
2022 9 9 0 3.2000 352.9300 0.8000 3.2000 0.0000 62.3409 65.4129 39.6651 0.1435  13999.0076 0.0000 0.0000 0.0000 0.0000 13999.0076
2022 9 10 0 3.2000 410.9400 0.8000 3.2000 0.0000 62.0988 65.1708 39.5111 0.1429  16236.6754 0.0000 0.0000 0.0000 0.0000 16236.6754
2022 9 11 0 3.2000 400.0100 0.8000 3.2000 0.0000 61.8609 64.9329 39.3598 0.1424  15744.2944 0.0000 0.0000 0.0000 0.0000 15744.2944
2022 9 12 0 3.2000 407.9500 0.8000 3.2000 0.0000 61.6361 64.7081 39.2167 0.1418  15998.4388 0.0000 0.0000 0.0000 0.0000 15998.4388
2022 9 13 0 3.2000 382.5800 0.8000 3.2000 0.0000 61.4723 64.5443 39.1125 0.1415  14963.6605 0.0000 0.0000 0.0000 0.0000 14963.6605
2022 9 14 0 3.2000 425.5000 0.8000 3.2000 0.0000 61.3366 64.4086 39.0262 0.1412  16605.6297 0.0000 0.0000 0.0000 0.0000 16605.6297
2022 9 15 0 3.2000 355.8200 0.8000 3.2000 0.0000 61.1673 64.2393 38.9184 0.1408  13847.9563 0.0000 0.0000 0.0000 0.0000 13847.9563
2022 9 16 0 3.2000 329.3900 0.8000 3.2000 0.0000 60.9795 64.0515 38.7989 0.1403  12779.9761 0.0000 0.0000 0.0000 0.0000 12779.9761
2022 9 17 0 2.0000 246.9600 0.5000 2.0000 0.0000 62.6998 63.8998 26.0668 0.1508  6437.4530 0.0000 0.0000 0.0000 0.0000 6437.4530
2022 9 18 0 4.0000 117.5900 1.0000 4.0000 0.0000 58.9004 63.7004 43.6511 0.1263  5132.9313 0.0000 0.0000 0.0000 0.0000 5132.9313
2022 9 19 0 3.2000 288.3300 0.8000 3.2000 0.0000 60.3664 63.4384 38.4089 0.1389  11074.4251 0.0000 0.0000 0.0000 0.0000 11074.4251
2022 9 20 0 3.2000 380.8200 0.8000 3.2000 0.0000 60.1321 63.2041 38.2597 0.1384  14570.0743 0.0000 0.0000 0.0000 0.0000 14570.0743
2022 9 21 0 3.2000 388.8300 0.8000 3.2000 0.0000 59.8934 62.9654 38.1079 0.1378  14817.4871 0.0000 0.0000 0.0000 0.0000 14817.4871
2022 9 22 0 3.2000 378.9000 0.8000 3.2000 0.0000 59.6521 62.7241 37.9544 0.1373  14380.9140 0.0000 0.0000 0.0000 0.0000 14380.9140
2022 9 23 0 3.2000 359.9800 0.8000 3.2000 0.0000 59.4100 62.4820 37.8003 0.1367  13607.3625 0.0000 0.0000 0.0000 0.0000 13607.3625
2022 9 24 0 3.2000 350.7100 0.8000 3.2000 0.0000 59.1688 62.2408 37.6468 0.1362  13203.1178 0.0000 0.0000 0.0000 0.0000 13203.1178
2022 9 25 0 3.2000 299.0800 0.8000 3.2000 0.0000 59.0003 62.0723 37.5396 0.1358  11227.3573 0.0000 0.0000 0.0000 0.0000 11227.3573
2022 9 26 0 3.2000 259.4000 0.8000 3.2000 0.0000 58.9611 62.0331 37.5147 0.1357  9731.3138 0.0000 0.0000 0.0000 0.0000 9731.3138
2022 9 27 0 3.2000 306.8900 0.8000 3.2000 0.0000 59.0154 62.0874 37.5492 0.1358  11523.4873 0.0000 0.0000 0.0000 0.0000 11523.4873
2022 9 28 0 3.2000 308.5200 0.8000 3.2000 0.0000 59.1731 62.2451 37.6496 0.1362  11615.6438 0.0000 0.0000 0.0000 0.0000 11615.6438
2022 9 29 0 3.2000 347.1000 0.8000 3.2000 0.0000 59.3148 62.3868 37.7397 0.1365  13099.4672 0.0000 0.0000 0.0000 0.0000 13099.4672
2022 9 30 0 3.2000 278.9700 0.8000 3.2000 0.0000 59.3321 62.4041 37.7507 0.1365  10531.3167 0.0000 0.0000 0.0000 0.0000 10531.3167
2022 10 1 0 3.2000 90.2400 0.8000 3.2000 0.0000 59.4199 62.4919 37.8066 0.1367  3411.6704 0.0000 0.0000 0.0000 0.0000 3411.6704
2022 10 2 0 3.2000 182.7200 0.8000 3.2000 0.0000 59.6664 62.7384 37.9634 0.1373  6936.6770 0.0000 0.0000 0.0000 0.0000 6936.6770
2022 10 3 0 3.2000 234.6000 0.8000 3.2000 0.0000 59.9249 62.9969 38.1279 0.1379  8944.8037 0.0000 0.0000 0.0000 0.0000 8944.8037
2022 10 4 0 3.2000 199.0100 0.8000 3.2000 0.0000 60.1433 63.2153 38.2669 0.1384  7615.4889 0.0000 0.0000 0.0000 0.0000 7615.4889
2022 10 5 0 3.2000 51.1100 0.8000 3.2000 0.0000 60.6081 63.6801 38.5626 0.1395  1970.9362 0.0000 0.0000 0.0000 0.0000 1970.9362
2022 10 6 0 3.2000 23.8700 0.8000 3.2000 0.0000 61.5572 64.6292 39.1665 0.1417  934.9044 0.0000 0.0000 0.0000 0.0000 934.9044
2022 10 7 0 3.2000 30.2900 0.8000 3.2000 0.0000 62.3038 65.3758 39.6415 0.1434  1200.7422 0.0000 0.0000 0.0000 0.0000 1200.7422
2022 10 8 0 3.2000 53.3800 0.8000 3.2000 0.0000 62.5709 65.6429 39.8115 0.1440  2125.1372 0.0000 0.0000 0.0000 0.0000 2125.1372
2022 10 9 0 3.2000 91.9400 0.8000 3.2000 0.0000 62.7407 65.8127 39.9195 0.1444  3670.1978 0.0000 0.0000 0.0000 0.0000 3670.1978
2022 10 10 0 3.2000 137.7100 0.8000 3.2000 0.0000 62.8307 65.9027 39.9768 0.1446  5505.2022 0.0000 0.0000 0.0000 0.0000 5505.2022
2022 10 11 0 3.2000 174.3200 0.8000 3.2000 0.0000 62.8854 65.9574 40.0116 0.1447  6974.8205 0.0000 0.0000 0.0000 0.0000 6974.8205
2022 10 12 0 3.2000 199.9900 0.8000 3.2000 0.0000 62.9091 65.9811 40.0267 0.1448  8004.9330 0.0000 0.0000 0.0000 0.0000 8004.9330
2022 10 13 0 3.2000 233.6000 0.8000 3.2000 0.0000 62.8945 65.9665 40.0173 0.1447  9348.0522 0.0000 0.0000 0.0000 0.0000 9348.0522
2022 10 14 0 3.2000 217.2400 0.8000 3.2000 0.0000 62.8479 65.9199 39.9877 0.1446  8686.9372 0.0000 0.0000 0.0000 0.0000 8686.9372
2022 10 15 0 3.2000 154.6600 0.8000 3.2000 0.0000 62.8428 65.9148 39.9845 0.1446  6183.9955 0.0000 0.0000 0.0000 0.0000 6183.9955
2022 10 16 0 3.2000 113.2100 0.8000 3.2000 0.0000 62.9220 65.9940 40.0349 0.1448  4532.3497 0.0000 0.0000 0.0000 0.0000 4532.3497
2022 10 17 0 3.2000 146.2200 0.8000 3.2000 0.0000 63.0164 66.0884 40.0949 0.1450  5862.6791 0.0000 0.0000 0.0000 0.0000 5862.6791
2022 10 18 0 3.2000 163.8200 0.8000 3.2000 0.0000 63.0879 66.1599 40.1404 0.1452  6575.8042 0.0000 0.0000 0.0000 0.0000 6575.8042
2022 10 19 0 3.2000 159.7000 0.8000 3.2000 0.0000 63.1254 66.1974 40.1643 0.1453  6414.2337 0.0000 0.0000 0.0000 0.0000 6414.2337
2022 10 20 0 3.2000 142.1100 0.8000 3.2000 0.0000 63.1138 66.1858 40.1569 0.1452  5706.6926 0.0000 0.0000 0.0000 0.0000 5706.6926
2022 10 21 0 3.2000 157.4800 0.8000 3.2000 0.0000 63.0599 66.1319 40.1226 0.1451  6318.5076 0.0000 0.0000 0.0000 0.0000 6318.5076
2022 10 22 0 3.2000 142.0700 0.8000 3.2000 0.0000 62.9849 66.0569 40.0749 0.1449  5693.4426 0.0000 0.0000 0.0000 0.0000 5693.4426
2022 10 23 0 3.2000 99.6700 0.8000 3.2000 0.0000 63.0190 66.0910 40.0966 0.1450  3996.4244 0.0000 0.0000 0.0000 0.0000 3996.4244
2022 10 24 0 3.2000 85.2000 0.8000 3.2000 0.0000 63.2391 66.3111 40.2366 0.1455  3428.1612 0.0000 0.0000 0.0000 0.0000 3428.1612
2022 10 25 0 3.2000 110.5100 0.8000 3.2000 0.0000 63.4528 66.5248 40.3726 0.1460  4461.5755 0.0000 0.0000 0.0000 0.0000 4461.5755
2022 10 26 0 3.2000 121.4900 0.8000 3.2000 0.0000 63.7242 66.7962 40.5453 0.1466  4925.8466 0.0000 0.0000 0.0000 0.0000 4925.8466
2022 10 27 0 3.2000 117.6600 0.8000 3.2000 0.0000 63.9280 67.0000 40.6749 0.1471  4785.8136 0.0000 0.0000 0.0000 0.0000 4785.8136
2022 10 28 0 3.2000 103.2200 0.8000 3.2000 0.0000 63.9280 67.0000 40.6749 0.1471  4198.4674 0.0000 0.0000 0.0000 0.0000 4198.4674
2022 10 29 0 3.2000 101.6200 0.8000 3.2000 0.0000 63.9280 67.0000 40.6749 0.1471  4133.3875 0.0000 0.0000 0.0000 0.0000 4133.3875
2022 10 30 0 3.2000 117.9300 0.8000 3.2000 0.0000 63.9280 67.0000 40.6749 0.1471  4796.7957 0.0000 0.0000 0.0000 0.0000 4796.7957
2022 10 31 0 3.2000 144.1300 0.8000 3.2000 0.0000 63.9280 67.0000 40.6749 0.1471  5862.4793 0.0000 0.0000 0.0000 0.0000 5862.4793
2022 11 1 0 3.2000 72.4900 0.8000 3.2000 0.0000 63.9280 67.0000 40.6749 0.1471  2948.5263 0.0000 0.0000 0.0000 0.0000 2948.5263
2022 11 2 0 3.2000 71.1700 0.8000 3.2000 0.0000 63.9280 67.0000 40.6749 0.1471  2894.8354 0.0000 0.0000 0.0000 0.0000 2894.8354
2022 11 3 0 3.2000 86.5000 0.8000 3.2000 0.0000 63.9280 67.0000 40.6749 0.1471  3518.3823 0.0000 0.0000 0.0000 0.0000 3518.3823
2022 11 4 0 3.2000 72.6700 0.8000 3.2000 0.0000 63.9280 67.0000 40.6749 0.1471  2955.8478 0.0000 0.0000 0.0000 0.0000 2955.8478
2022 11 5 0 3.2000 47.6500 0.8000 3.2000 0.0000 63.9280 67.0000 40.6749 0.1471  1938.1610 0.0000 0.0000 0.0000 0.0000 1938.1610
2022 11 6 0 3.2000 35.7500 0.8000 3.2000 0.0000 63.9280 67.0000 40.6749 0.1471  1454.1291 0.0000 0.0000 0.0000 0.0000 1454.1291
2022 11 7 0 3.2000 43.8300 0.8000 3.2000 0.0000 63.9280 67.0000 40.6749 0.1471  1782.7827 0.0000 0.0000 0.0000 0.0000 1782.7827
2022 11 8 0 3.2000 51.0900 0.8000 3.2000 0.0000 63.9280 67.0000 40.6749 0.1471  2078.0827 0.0000 0.0000 0.0000 0.0000 2078.0827
2022 11 9 0 3.2000 42.5700 0.8000 3.2000 0.0000 63.9280 67.0000 40.6749 0.1471  1731.5322 0.0000 0.0000 0.0000 0.0000 1731.5322
2022 11 10 0 3.2000 27.4000 0.8000 3.2000 0.0000 63.9280 67.0000 40.6749 0.1471  1114.4933 0.0000 0.0000 0.0000 0.0000 1114.4933
2022 11 11 0 3.2000 2.0000 0.8000 3.2000 0.0000 63.9280 67.0000 40.6749 0.1471  81.3499 0.0000 0.0000 0.0000 0.0000 81.3499
2022 11 12 0 3.2000 2.3700 0.8000 3.2000 0.0000 63.9280 67.0000 40.6749 0.1471  96.3996 0.0000 0.0000 0.0000 0.0000 96.3996
2022 11 13 0 3.2000 29.9300 0.8000 3.2000 0.0000 63.9280 67.0000 40.6749 0.1471  1217.4010 0.0000 0.0000 0.0000 0.0000 1217.4010
2022 11 14 0 3.2000 53.6800 0.8000 3.2000 0.0000 63.9280 67.0000 40.6749 0.1471  2183.4308 0.0000 0.0000 0.0000 0.0000 2183.4308
2022 11 15 0 3.2000 53.7500 0.8000 3.2000 0.0000 63.9280 67.0000 40.6749 0.1471  2186.2780 0.0000 0.0000 0.0000 0.0000 2186.2780
2022 11 16 0 3.2000 27.6900 0.8000 3.2000 0.0000 63.9280 67.0000 40.6749 0.1471  1126.2891 0.0000 0.0000 0.0000 0.0000 1126.2891
2022 11 17 0 3.2000 48.9100 0.8000 3.2000 0.0000 63.9280 67.0000 40.6749 0.1471  1989.4113 0.0000 0.0000 0.0000 0.0000 1989.4113
2022 11 18 0 3.2000 113.7000 0.8000 3.2000 0.0000 63.9280 67.0000 40.6749 0.1471  4624.7406 0.0000 0.0000 0.0000 0.0000 4624.7406
2022 11 19 0 3.2000 167.1000 0.8000 3.2000 0.0000 63.9280 67.0000 40.6749 0.1471  6796.7827 0.0000 0.0000 0.0000 0.0000 6796.7827
2022 11 20 0 3.2000 162.8400 0.8000 3.2000 0.0000 63.9280 67.0000 40.6749 0.1471  6623.5071 0.0000 0.0000 0.0000 0.0000 6623.5071
2022 11 21 0 3.2000 209.5500 0.8000 3.2000 0.0000 63.9090 66.9810 40.6629 0.1471  8520.9065 0.0000 0.0000 0.0000 0.0000 8520.9065
2022 11 22 0 3.2000 174.4300 0.8000 3.2000 0.0000 63.8513 66.9233 40.6261 0.1469  7086.4187 0.0000 0.0000 0.0000 0.0000 7086.4187
2022 11 23 0 3.2000 149.8400 0.8000 3.2000 0.0000 63.7975 66.8695 40.5919 0.1468  6082.2878 0.0000 0.0000 0.0000 0.0000 6082.2878
2022 11 24 0 3.2000 172.1800 0.8000 3.2000 0.0000 63.7725 66.8445 40.5760 0.1468  6986.3729 0.0000 0.0000 0.0000 0.0000 6986.3729
2022 11 25 0 3.2000 200.3300 0.8000 3.2000 0.0000 63.8009 66.8729 40.5941 0.1468  8132.2115 0.0000 0.0000 0.0000 0.0000 8132.2115
2022 11 26 0 3.2000 196.0200 0.8000 3.2000 0.0000 63.8836 66.9556 40.6467 0.1470  7967.5676 0.0000 0.0000 0.0000 0.0000 7967.5676
2022 11 27 0 3.2000 146.0400 0.8000 3.2000 0.0000 63.9280 67.0000 40.6749 0.1471  5940.1680 0.0000 0.0000 0.0000 0.0000 5940.1680
2022 11 28 0 3.2000 195.3000 0.8000 3.2000 0.0000 63.9280 67.0000 40.6749 0.1471  7943.8159 0.0000 0.0000 0.0000 0.0000 7943.8159
2022 11 29 0 3.2000 362.5600 0.8000 3.2000 0.0000 63.9280 67.0000 40.6749 0.1471  14747.1062 0.0000 0.0000 0.0000 0.0000 14747.1062
2022 11 30 0 3.2000 364.6000 0.8000 3.2000 0.0000 63.9280 67.0000 40.6749 0.1471  14830.0834 0.0000 0.0000 0.0000 0.0000 14830.0834
2022 12 1 0 3.2000 349.6500 0.8000 3.2000 0.0000 63.9099 66.9819 40.6634 0.1471  14217.9672 0.0000 0.0000 0.0000 0.0000 14217.9672
2022 12 2 0 3.2000 324.9900 0.8000 3.2000 0.0000 63.8552 66.9272 40.6286 0.1469  13203.8933 0.0000 0.0000 0.0000 0.0000 13203.8933
2022 12 3 0 3.2000 268.8200 0.8000 3.2000 0.0000 63.7660 66.8380 40.5719 0.1467  10906.5315 0.0000 0.0000 0.0000 0.0000 10906.5315
2022 12 4 0 3.2000 271.5000 0.8000 3.2000 0.0000 63.6540 66.7260 40.5006 0.1465  10995.9142 0.0000 0.0000 0.0000 0.0000 10995.9142
2022 12 5 0 3.2000 290.7800 0.8000 3.2000 0.0000 63.5299 66.6019 40.4217 0.1462  11753.8104 0.0000 0.0000 0.0000 0.0000 11753.8104
2022 12 6 0 3.2000 346.8000 0.8000 3.2000 0.0000 63.4002 66.4722 40.3392 0.1459  13989.6178 0.0000 0.0000 0.0000 0.0000 13989.6178
2022 12 7 0 3.2000 334.1100 0.8000 3.2000 0.0000 63.2684 66.3404 40.2553 0.1456  13449.6893 0.0000 0.0000 0.0000 0.0000 13449.6893
2022 12 8 0 3.2000 399.0300 0.8000 3.2000 0.0000 63.1387 66.2107 40.1728 0.1453  16030.1392 0.0000 0.0000 0.0000 0.0000 16030.1392
2022 12 9 0 3.2000 418.6900 0.8000 3.2000 0.0000 63.0185 66.0905 40.0963 0.1450  16787.9157 0.0000 0.0000 0.0000 0.0000 16787.9157
2022 12 10 0 3.2000 362.9800 0.8000 3.2000 0.0000 62.9039 65.9759 40.0234 0.1448  14527.6855 0.0000 0.0000 0.0000 0.0000 14527.6855
2022 12 11 0 3.2000 338.6100 0.8000 3.2000 0.0000 62.7941 65.8661 39.9535 0.1445  13528.6464 0.0000 0.0000 0.0000 0.0000 13528.6464
2022 12 12 0 0.0000 446.1100 0.0000 0.0000 0.0000 65.8993 65.8993 0.0000 0.0000  0.0000 1.0000 1.0000 0.0000 0.0000 -1.0000
2022 12 13 0 0.0000 458.6300 0.0000 0.0000 0.0000 66.0669 66.0669 0.0000 0.0000  0.0000 0.0000 0.0000 0.0000 0.0000 0.0000
2022 12 14 0 0.0000 451.4100 0.0000 0.0000 0.0000 66.2258 66.2258 0.0000 0.0000  0.0000 0.0000 0.0000 0.0000 0.0000 0.0000
2022 12 15 0 0.0000 396.6100 0.0000 0.0000 0.0000 66.3745 66.3745 0.0000 0.0000  0.0000 0.0000 0.0000 0.0000 0.0000 0.0000
2022 12 16 0 0.0000 413.8400 0.0000 0.0000 0.0000 66.5136 66.5136 0.0000 0.0000  0.0000 0.0000 0.0000 0.0000 0.0000 0.0000
2022 12 17 0 0.0000 254.6500 0.0000 0.0000 0.0000 66.6463 66.6463 0.0000 0.0000  0.0000 0.0000 0.0000 0.0000 0.0000 0.0000
2022 12 18 0 0.0000 206.4000 0.0000 0.0000 0.0000 66.7781 66.7781 0.0000 0.0000  0.0000 0.0000 0.0000 0.0000 0.0000 0.0000
2022 12 19 0 0.0000 211.4800 0.0000 0.0000 0.0000 66.9177 66.9177 0.0000 0.0000  0.0000 0.0000 0.0000 0.0000 0.0000 0.0000
2022 12 20 0 0.0000 205.2500 0.0000 0.0000 0.0000 66.9953 66.9953 0.0000 0.0000  0.0000 0.0000 0.0000 0.0000 0.0000 0.0000
2022 12 21 0 0.0000 223.3000 0.0000 0.0000 0.0000 67.0000 67.0000 0.0000 0.0000  0.0000 0.0000 0.0000 0.0000 0.0000 0.0000
2022 12 22 0 0.0000 201.9700 0.0000 0.0000 0.0000 67.0000 67.0000 0.0000 0.0000  0.0000 0.0000 0.0000 0.0000 0.0000 0.0000
2022 12 23 0 0.0000 193.2900 0.0000 0.0000 0.0000 67.0000 67.0000 0.0000 0.0000  0.0000 0.0000 0.0000 0.0000 0.0000 0.0000
2022 12 24 0 0.0000 142.3700 0.0000 0.0000 0.0000 67.0000 67.0000 0.0000 0.0000  0.0000 0.0000 0.0000 0.0000 0.0000 0.0000
2022 12 25 0 0.0000 129.4400 0.0000 0.0000 0.0000 67.0000 67.0000 0.0000 0.0000  0.0000 0.0000 0.0000 0.0000 0.0000 0.0000
2022 12 26 0 0.0000 111.7200 0.0000 0.0000 0.0000 67.0000 67.0000 0.0000 0.0000  0.0000 0.0000 0.0000 0.0000 0.0000 0.0000
2022 12 27 0 0.0000 141.3500 0.0000 0.0000 0.0000 67.0000 67.0000 0.0000 0.0000  0.0000 0.0000 0.0000 0.0000 0.0000 0.0000
2022 12 28 0 0.0000 122.1300 0.0000 0.0000 0.0000 67.0000 67.0000 0.0000 0.0000  0.0000 0.0000 0.0000 0.0000 0.0000 0.0000
2022 12 29 0 0.0000 96.2800 0.0000 0.0000 0.0000 67.0000 67.0000 0.0000 0.0000  0.0000 0.0000 0.0000 0.0000 0.0000 0.0000
2022 12 30 0 0.0000 100.4100 0.0000 0.0000 0.0000 67.0000 67.0000 0.0000 0.0000  0.0000 0.0000 0.0000 0.0000 0.0000 0.0000
2022 12 31 0 0.0000 116.2200 0.0000 0.0000 0.0000 67.0000 67.0000 0.0000 0.0000  0.0000 0.0000 0.0000 0.0000 0.0000 0.0000
2023 1 1 0 0.0000 112.5700 0.0000 0.0000 0.0000 67.0000 67.0000 0.0000 0.0000  0.0000 0.0000 0.0000 0.0000 0.0000 0.0000
2023 1 2 0 0.0000 149.2600 0.0000 0.0000 0.0000 67.0000 67.0000 0.0000 0.0000  0.0000 0.0000 0.0000 0.0000 0.0000 0.0000
2023 1 3 0 0.0000 154.5400 0.0000 0.0000 0.0000 67.0000 67.0000 0.0000 0.0000  0.0000 0.0000 0.0000 0.0000 0.0000 0.0000
2023 1 4 0 0.0000 114.6400 0.0000 0.0000 0.0000 67.0000 67.0000 0.0000 0.0000  0.0000 0.0000 0.0000 0.0000 0.0000 0.0000
2023 1 5 0 0.0000 144.1600 0.0000 0.0000 0.0000 67.0000 67.0000 0.0000 0.0000  0.0000 0.0000 0.0000 0.0000 0.0000 0.0000
2023 1 6 0 0.0000 126.0400 0.0000 0.0000 0.0000 67.0000 67.0000 0.0000 0.0000  0.0000 0.0000 0.0000 0.0000 0.0000 0.0000
2023 1 7 0 0.0000 102.5400 0.0000 0.0000 0.0000 67.0000 67.0000 0.0000 0.0000  0.0000 0.0000 0.0000 0.0000 0.0000 0.0000
2023 1 8 0 0.0000 75.8000 0.0000 0.0000 0.0000 67.0000 67.0000 0.0000 0.0000  0.0000 0.0000 0.0000 0.0000 0.0000 0.0000
2023 1 9 0 0.0000 133.2800 0.0000 0.0000 0.0000 67.0000 67.0000 0.0000 0.0000  0.0000 0.0000 0.0000 0.0000 0.0000 0.0000
2023 1 10 0 0.0000 130.4400 0.0000 0.0000 0.0000 67.0000 67.0000 0.0000 0.0000  0.0000 0.0000 0.0000 0.0000 0.0000 0.0000
2023 1 11 0 0.0000 96.6800 0.0000 0.0000 0.0000 67.0000 67.0000 0.0000 0.0000  0.0000 0.0000 0.0000 0.0000 0.0000 0.0000
2023 1 12 0 0.0000 89.9500 0.0000 0.0000 0.0000 67.0000 67.0000 0.0000 0.0000  0.0000 0.0000 0.0000 0.0000 0.0000 0.0000
2023 1 13 0 0.0000 82.8000 0.0000 0.0000 0.0000 67.0000 67.0000 0.0000 0.0000  0.0000 0.0000 0.0000 0.0000 0.0000 0.0000
2023 1 14 0 0.0000 94.7100 0.0000 0.0000 0.0000 67.0000 67.0000 0.0000 0.0000  0.0000 0.0000 0.0000 0.0000 0.0000 0.0000
2023 1 15 0 0.0000 70.7800 0.0000 0.0000 0.0000 67.0000 67.0000 0.0000 0.0000  0.0000 0.0000 0.0000 0.0000 0.0000 0.0000
2023 1 16 0 0.0000 139.7600 0.0000 0.0000 0.0000 67.0000 67.0000 0.0000 0.0000  0.0000 0.0000 0.0000 0.0000 0.0000 0.0000
2023 1 17 0 0.0000 134.1900 0.0000 0.0000 0.0000 67.0000 67.0000 0.0000 0.0000  0.0000 0.0000 0.0000 0.0000 0.0000 0.0000
2023 1 18 0 0.0000 138.3800 0.0000 0.0000 0.0000 67.0000 67.0000 0.0000 0.0000  0.0000 0.0000 0.0000 0.0000 0.0000 0.0000
2023 1 19 0 0.0000 148.5600 0.0000 0.0000 0.0000 67.0000 67.0000 0.0000 0.0000  0.0000 0.0000 0.0000 0.0000 0.0000 0.0000
2023 1 20 0 0.0000 162.5000 0.0000 0.0000 0.0000 67.0000 67.0000 0.0000 0.0000  0.0000 0.0000 0.0000 0.0000 0.0000 0.0000
2023 1 21 0 0.0000 150.1900 0.0000 0.0000 0.0000 67.0000 67.0000 0.0000 0.0000  0.0000 0.0000 0.0000 0.0000 0.0000 0.0000
2023 1 22 0 0.0000 151.8000 0.0000 0.0000 0.0000 67.0000 67.0000 0.0000 0.0000  0.0000 0.0000 0.0000 0.0000 0.0000 0.0000
2023 1 23 0 0.0000 197.7300 0.0000 0.0000 0.0000 67.0000 67.0000 0.0000 0.0000  0.0000 0.0000 0.0000 0.0000 0.0000 0.0000
2023 1 24 0 0.0000 184.5400 0.0000 0.0000 0.0000 67.0000 67.0000 0.0000 0.0000  0.0000 0.0000 0.0000 0.0000 0.0000 0.0000
2023 1 25 0 0.0000 137.5700 0.0000 0.0000 0.0000 67.0000 67.0000 0.0000 0.0000  0.0000 0.0000 0.0000 0.0000 0.0000 0.0000
2023 1 26 0 0.0000 132.3800 0.0000 0.0000 0.0000 67.0000 67.0000 0.0000 0.0000  0.0000 0.0000 0.0000 0.0000 0.0000 0.0000
2023 1 27 0 0.0000 154.0500 0.0000 0.0000 0.0000 67.0000 67.0000 0.0000 0.0000  0.0000 0.0000 0.0000 0.0000 0.0000 0.0000
2023 1 28 0 0.0000 116.8100 0.0000 0.0000 0.0000 67.0000 67.0000 0.0000 0.0000  0.0000 0.0000 0.0000 0.0000 0.0000 0.0000
2023 1 29 0 0.0000 102.3700 0.0000 0.0000 0.0000 67.0000 67.0000 0.0000 0.0000  0.0000 0.0000 0.0000 0.0000 0.0000 0.0000
2023 1 30 0 0.0000 90.0000 0.0000 0.0000 0.0000 67.0000 67.0000 0.0000 0.0000  0.0000 0.0000 0.0000 0.0000 0.0000 0.0000
2023 1 31 0 0.0000 105.1200 0.0000 0.0000 0.0000 67.0000 67.0000 0.0000 0.0000  0.0000 0.0000 0.0000 0.0000 0.0000 0.0000
2023 2 1 0 0.0000 103.8300 0.0000 0.0000 0.0000 67.0000 67.0000 0.0000 0.0000  0.0000 0.0000 0.0000 0.0000 0.0000 0.0000
2023 2 2 0 0.0000 145.2800 0.0000 0.0000 0.0000 67.0000 67.0000 0.0000 0.0000  0.0000 0.0000 0.0000 0.0000 0.0000 0.0000
2023 2 3 0 0.0000 113.1000 0.0000 0.0000 0.0000 67.0000 67.0000 0.0000 0.0000  0.0000 0.0000 0.0000 0.0000 0.0000 0.0000
2023 2 4 0 0.0000 138.8200 0.0000 0.0000 0.0000 67.0000 67.0000 0.0000 0.0000  0.0000 0.0000 0.0000 0.0000 0.0000 0.0000
2023 2 5 0 0.0000 122.8300 0.0000 0.0000 0.0000 67.0000 67.0000 0.0000 0.0000  0.0000 0.0000 0.0000 0.0000 0.0000 0.0000
2023 2 6 0 0.0000 161.3800 0.0000 0.0000 0.0000 67.0000 67.0000 0.0000 0.0000  0.0000 0.0000 0.0000 0.0000 0.0000 0.0000
2023 2 7 0 0.0000 132.4500 0.0000 0.0000 0.0000 67.0000 67.0000 0.0000 0.0000  0.0000 0.0000 0.0000 0.0000 0.0000 0.0000
2023 2 8 0 0.0000 120.3300 0.0000 0.0000 0.0000 67.0000 67.0000 0.0000 0.0000  0.0000 0.0000 0.0000 0.0000 0.0000 0.0000
2023 2 9 0 0.0000 98.3400 0.0000 0.0000 0.0000 67.0000 67.0000 0.0000 0.0000  0.0000 0.0000 0.0000 0.0000 0.0000 0.0000
2023 2 10 0 0.0000 97.5400 0.0000 0.0000 0.0000 67.0000 67.0000 0.0000 0.0000  0.0000 0.0000 0.0000 0.0000 0.0000 0.0000
2023 2 11 0 0.0000 94.6300 0.0000 0.0000 0.0000 67.0000 67.0000 0.0000 0.0000  0.0000 0.0000 0.0000 0.0000 0.0000 0.0000
2023 2 12 0 0.0000 111.6200 0.0000 0.0000 0.0000 67.0000 67.0000 0.0000 0.0000  0.0000 0.0000 0.0000 0.0000 0.0000 0.0000
2023 2 13 0 0.0000 115.7800 0.0000 0.0000 0.0000 67.0000 67.0000 0.0000 0.0000  0.0000 0.0000 0.0000 0.0000 0.0000 0.0000
2023 2 14 0 0.0000 140.8300 0.0000 0.0000 0.0000 67.0000 67.0000 0.0000 0.0000  0.0000 0.0000 0.0000 0.0000 0.0000 0.0000
2023 2 15 0 0.0000 122.5300 0.0000 0.0000 0.0000 67.0000 67.0000 0.0000 0.0000  0.0000 0.0000 0.0000 0.0000 0.0000 0.0000
2023 2 16 0 0.0000 120.9800 0.0000 0.0000 0.0000 67.0000 67.0000 0.0000 0.0000  0.0000 0.0000 0.0000 0.0000 0.0000 0.0000
2023 2 17 0 0.0000 92.1200 0.0000 0.0000 0.0000 67.0000 67.0000 0.0000 0.0000  0.0000 0.0000 0.0000 0.0000 0.0000 0.0000
2023 2 18 0 0.0000 97.8800 0.0000 0.0000 0.0000 67.0000 67.0000 0.0000 0.0000  0.0000 0.0000 0.0000 0.0000 0.0000 0.0000
2023 2 19 0 0.0000 107.6300 0.0000 0.0000 0.0000 67.0000 67.0000 0.0000 0.0000  0.0000 0.0000 0.0000 0.0000 0.0000 0.0000
2023 2 20 0 0.0000 77.5600 0.0000 0.0000 0.0000 67.0000 67.0000 0.0000 0.0000  0.0000 0.0000 0.0000 0.0000 0.0000 0.0000
2023 2 21 0 0.0000 106.7100 0.0000 0.0000 0.0000 67.0000 67.0000 0.0000 0.0000  0.0000 0.0000 0.0000 0.0000 0.0000 0.0000
2023 2 22 0 0.0000 118.3800 0.0000 0.0000 0.0000 67.0000 67.0000 0.0000 0.0000  0.0000 0.0000 0.0000 0.0000 0.0000 0.0000
2023 2 23 0 0.0000 116.1600 0.0000 0.0000 0.0000 67.0000 67.0000 0.0000 0.0000  0.0000 0.0000 0.0000 0.0000 0.0000 0.0000
2023 2 24 0 0.0000 103.8000 0.0000 0.0000 0.0000 67.0000 67.0000 0.0000 0.0000  0.0000 0.0000 0.0000 0.0000 0.0000 0.0000
2023 2 25 0 0.0000 97.6000 0.0000 0.0000 0.0000 67.0000 67.0000 0.0000 0.0000  0.0000 0.0000 0.0000 0.0000 0.0000 0.0000
2023 2 26 0 0.0000 111.9200 0.0000 0.0000 0.0000 67.0000 67.0000 0.0000 0.0000  0.0000 0.0000 0.0000 0.0000 0.0000 0.0000
2023 2 27 0 0.0000 124.5700 0.0000 0.0000 0.0000 67.0000 67.0000 0.0000 0.0000  0.0000 0.0000 0.0000 0.0000 0.0000 0.0000
2023 2 28 0 0.0000 124.0900 0.0000 0.0000 0.0000 67.0000 67.0000 0.0000 0.0000  0.0000 0.0000 0.0000 0.0000 0.0000 0.0000
2023 3 1 0 0.0000 130.8400 0.0000 0.0000 0.0000 67.0000 67.0000 0.0000 0.0000  0.0000 0.0000 0.0000 0.0000 0.0000 0.0000
2023 3 2 0 0.0000 120.4000 0.0000 0.0000 0.0000 67.0000 67.0000 0.0000 0.0000  0.0000 0.0000 0.0000 0.0000 0.0000 0.0000
2023 3 3 0 0.0000 115.5800 0.0000 0.0000 0.0000 67.0000 67.0000 0.0000 0.0000  0.0000 0.0000 0.0000 0.0000 0.0000 0.0000
2023 3 4 0 2.1600 112.2200 0.5400 2.1600 0.0000 65.5654 66.9651 29.3748 0.1574  3296.4367 1.0000 1.0000 0.0000 0.0000 3295.4367
2023 3 5 0 4.0000 129.9600 1.0000 4.0000 0.0000 62.0160 66.8160 45.9601 0.1330  5972.9759 0.0000 0.0000 0.0000 0.0000 5972.9759
2023 3 6 0 4.0000 153.1300 1.0000 4.0000 0.0000 61.7761 66.5761 45.7823 0.1325  7010.6392 0.0000 0.0000 0.0000 0.0000 7010.6392
2023 3 7 0 4.0000 116.0800 1.0000 4.0000 0.0000 61.5150 66.3150 45.5888 0.1319  5291.9465 0.0000 0.0000 0.0000 0.0000 5291.9465
2023 3 8 0 4.0000 150.8300 1.0000 4.0000 0.0000 61.2436 66.0436 45.3876 0.1313  6845.8181 0.0000 0.0000 0.0000 0.0000 6845.8181
2023 3 9 0 4.0000 138.5100 1.0000 4.0000 0.0000 60.9674 65.7674 45.1830 0.1307  6258.2949 0.0000 0.0000 0.0000 0.0000 6258.2949
2023 3 10 0 4.0000 127.3700 1.0000 4.0000 0.0000 60.6840 65.4840 44.9729 0.1301  5728.1983 0.0000 0.0000 0.0000 0.0000 5728.1983
2023 3 11 0 4.0000 110.5300 1.0000 4.0000 0.0000 60.3953 65.1953 44.7590 0.1295  4947.2104 0.0000 0.0000 0.0000 0.0000 4947.2104
2023 3 12 0 4.0000 106.8200 1.0000 4.0000 0.0000 60.1071 64.9071 44.5454 0.1289  4758.3381 0.0000 0.0000 0.0000 0.0000 4758.3381
2023 3 13 0 4.0000 94.6800 1.0000 4.0000 0.0000 59.8206 64.6206 44.3331 0.1283  4197.4547 0.0000 0.0000 0.0000 0.0000 4197.4547
2023 3 14 0 4.0000 102.8300 1.0000 4.0000 0.0000 59.5328 64.3328 44.1198 0.1277  4536.8379 0.0000 0.0000 0.0000 0.0000 4536.8379
2023 3 15 0 4.0000 121.6400 1.0000 4.0000 0.0000 59.2424 64.0424 43.9046 0.1270  5340.5549 0.0000 0.0000 0.0000 0.0000 5340.5549
2023 3 16 0 4.0000 112.8100 1.0000 4.0000 0.0000 58.9486 63.7486 43.6868 0.1264  4928.3131 0.0000 0.0000 0.0000 0.0000 4928.3131
2023 3 17 0 4.0000 104.1500 1.0000 4.0000 0.0000 58.6548 63.4548 43.4691 0.1258  4527.3068 0.0000 0.0000 0.0000 0.0000 4527.3068
2023 3 18 0 4.0000 109.0000 1.0000 4.0000 0.0000 58.3679 63.1679 43.2565 0.1252  4714.9542 0.0000 0.0000 0.0000 0.0000 4714.9542
2023 3 19 0 4.0000 110.0900 1.0000 4.0000 0.0000 58.0844 62.8844 43.0464 0.1246  4738.9753 0.0000 0.0000 0.0000 0.0000 4738.9753
2023 3 20 0 4.0000 116.7600 1.0000 4.0000 0.0000 57.8018 62.6018 42.8369 0.1239  5001.6399 0.0000 0.0000 0.0000 0.0000 5001.6399
2023 3 21 0 4.0000 111.3100 1.0000 4.0000 0.0000 57.5222 62.3222 42.6297 0.1233  4745.1137 0.0000 0.0000 0.0000 0.0000 4745.1137
2023 3 22 0 4.0000 92.3600 1.0000 4.0000 0.0000 57.2435 62.0435 42.4231 0.1228  3918.2016 0.0000 0.0000 0.0000 0.0000 3918.2016
2023 3 23 0 4.0000 86.1100 1.0000 4.0000 0.0000 56.9690 61.7690 42.2198 0.1222  3635.5439 0.0000 0.0000 0.0000 0.0000 3635.5439
2023 3 24 0 4.0000 83.8300 1.0000 4.0000 0.0000 56.7075 61.5075 42.0260 0.1216  3523.0365 0.0000 0.0000 0.0000 0.0000 3523.0365
2023 3 25 0 4.0000 73.3600 1.0000 4.0000 0.0000 56.4654 61.2654 41.8465 0.1211  3069.8613 0.0000 0.0000 0.0000 0.0000 3069.8613
2023 3 26 0 4.0000 92.4600 1.0000 4.0000 0.0000 56.2379 61.0379 41.6779 0.1206  3853.5431 0.0000 0.0000 0.0000 0.0000 3853.5431
2023 3 27 0 4.0000 100.9400 1.0000 4.0000 0.0000 56.0182 60.8182 41.5151 0.1201  4190.5361 0.0000 0.0000 0.0000 0.0000 4190.5361
2023 3 28 0 4.0000 123.8500 1.0000 4.0000 0.0000 55.8054 60.6054 41.3574 0.1197  5122.1132 0.0000 0.0000 0.0000 0.0000 5122.1132
2023 3 29 0 4.0000 127.0200 1.0000 4.0000 0.0000 55.5887 60.3887 41.1968 0.1192  5232.8170 0.0000 0.0000 0.0000 0.0000 5232.8170
2023 3 30 0 4.0000 103.7800 1.0000 4.0000 0.0000 55.3621 60.1621 41.0289 0.1187  4257.9747 0.0000 0.0000 0.0000 0.0000 4257.9747
2023 3 31 0 2.8400 111.8200 0.7100 2.8400 0.0000 57.6252 60.0449 33.2055 0.1353  3713.0424 0.0000 0.0000 0.0000 0.0000 3713.0424
2023 4 1 0 0.0000 97.9300 0.0000 0.0000 0.0000 60.3620 60.3620 0.0000 0.0000  0.0000 1.0000 1.0000 0.0000 0.0000 -1.0000
2023 4 2 0 0.0000 105.1000 0.0000 0.0000 0.0000 60.9768 60.9768 0.0000 0.0000  0.0000 0.0000 0.0000 0.0000 0.0000 0.0000
2023 4 3 0 0.0000 126.4800 0.0000 0.0000 0.0000 61.4649 61.4649 0.0000 0.0000  0.0000 0.0000 0.0000 0.0000 0.0000 0.0000
2023 4 4 0 0.0000 133.1300 0.0000 0.0000 0.0000 61.7802 61.7802 0.0000 0.0000  0.0000 0.0000 0.0000 0.0000 0.0000 0.0000
2023 4 5 0 0.0000 130.9100 0.0000 0.0000 0.0000 62.0017 62.0017 0.0000 0.0000  0.0000 0.0000 0.0000 0.0000 0.0000 0.0000
2023 4 6 0 0.0000 125.8900 0.0000 0.0000 0.0000 62.1886 62.1886 0.0000 0.0000  0.0000 0.0000 0.0000 0.0000 0.0000 0.0000
2023 4 7 0 0.0000 117.9200 0.0000 0.0000 0.0000 62.3493 62.3493 0.0000 0.0000  0.0000 0.0000 0.0000 0.0000 0.0000 0.0000
2023 4 8 0 0.0000 120.6500 0.0000 0.0000 0.0000 62.4859 62.4859 0.0000 0.0000  0.0000 0.0000 0.0000 0.0000 0.0000 0.0000
2023 4 9 0 0.0000 110.2100 0.0000 0.0000 0.0000 62.6070 62.6070 0.0000 0.0000  0.0000 0.0000 0.0000 0.0000 0.0000 0.0000
2023 4 10 0 0.0000 54.3700 0.0000 0.0000 0.0000 62.7229 62.7229 0.0000 0.0000  0.0000 0.0000 0.0000 0.0000 0.0000 0.0000
2023 4 11 0 0.2800 84.4600 0.0700 0.2800 0.0000 62.8962 62.9197 1.3927 0.0576  117.6264 1.0000 1.0000 0.0000 0.0000 116.6264
2023 4 12 0 3.2000 111.9800 0.8000 3.2000 0.0000 59.9817 63.0537 38.1641 0.1380  4273.6132 0.0000 0.0000 0.0000 0.0000 4273.6132
2023 4 13 0 3.2000 107.2100 0.8000 3.2000 0.0000 59.9731 63.0451 38.1586 0.1380  4090.9827 0.0000 0.0000 0.0000 0.0000 4090.9827
2023 4 14 0 3.2000 118.9300 0.8000 3.2000 0.0000 59.9826 63.0546 38.1646 0.1380  4538.9186 0.0000 0.0000 0.0000 0.0000 4538.9186
2023 4 15 0 3.2000 111.6600 0.8000 3.2000 0.0000 60.0041 63.0761 38.1783 0.1381  4262.9923 0.0000 0.0000 0.0000 0.0000 4262.9923
2023 4 16 0 3.2000 115.1500 0.8000 3.2000 0.0000 60.0196 63.0916 38.1882 0.1381  4397.3709 0.0000 0.0000 0.0000 0.0000 4397.3709
2023 4 17 0 3.2000 125.4800 0.8000 3.2000 0.0000 60.0433 63.1153 38.2033 0.1382  4793.7468 0.0000 0.0000 0.0000 0.0000 4793.7468
2023 4 18 0 3.2000 114.7600 0.8000 3.2000 0.0000 60.0864 63.1584 38.2307 0.1383  4387.3534 0.0000 0.0000 0.0000 0.0000 4387.3534
2023 4 19 0 3.2000 108.7500 0.8000 3.2000 0.0000 60.1532 63.2252 38.2732 0.1384  4162.2074 0.0000 0.0000 0.0000 0.0000 4162.2074
2023 4 20 0 3.2000 111.1600 0.8000 3.2000 0.0000 60.2592 63.3312 38.3406 0.1387  4261.9415 0.0000 0.0000 0.0000 0.0000 4261.9415
2023 4 21 0 3.2000 107.9900 0.8000 3.2000 0.0000 60.4311 63.5031 38.4500 0.1391  4152.2125 0.0000 0.0000 0.0000 0.0000 4152.2125
2023 4 22 0 3.2000 98.4000 0.8000 3.2000 0.0000 60.6814 63.7534 38.6092 0.1396  3799.1485 0.0000 0.0000 0.0000 0.0000 3799.1485
2023 4 23 0 3.2000 97.8600 0.8000 3.2000 0.0000 61.0247 64.0967 38.8277 0.1404  3799.6787 0.0000 0.0000 0.0000 0.0000 3799.6787
2023 4 24 0 3.2000 116.5300 0.8000 3.2000 0.0000 61.4172 64.4892 39.0774 0.1413  4553.6912 0.0000 0.0000 0.0000 0.0000 4553.6912
2023 4 25 0 3.2000 104.4700 0.8000 3.2000 0.0000 61.7713 64.8433 39.3027 0.1422  4105.9568 0.0000 0.0000 0.0000 0.0000 4105.9568
2023 4 26 0 3.2000 114.3700 0.8000 3.2000 0.0000 62.0501 65.1221 39.4801 0.1428  4515.3376 0.0000 0.0000 0.0000 0.0000 4515.3376
2023 4 27 0 3.2000 123.3800 0.8000 3.2000 0.0000 62.2444 65.3164 39.6037 0.1432  4886.3057 0.0000 0.0000 0.0000 0.0000 4886.3057
2023 4 28 0 3.2000 121.7100 0.8000 3.2000 0.0000 62.3706 65.4426 39.6840 0.1435  4829.9427 0.0000 0.0000 0.0000 0.0000 4829.9427
2023 4 29 0 3.2000 112.7000 0.8000 3.2000 0.0000 62.4585 65.5305 39.7399 0.1437  4478.6916 0.0000 0.0000 0.0000 0.0000 4478.6916
2023 4 30 0 3.2000 99.7900 0.8000 3.2000 0.0000 62.5240 65.5960 39.7816 0.1439  3969.8068 0.0000 0.0000 0.0000 0.0000 3969.8068
2023 5 1 0 3.2000 106.3400 0.8000 3.2000 0.0000 62.5761 65.6481 39.8148 0.1440  4233.9032 0.0000 0.0000 0.0000 0.0000 4233.9032
2023 5 2 0 3.2000 121.7900 0.8000 3.2000 0.0000 62.6317 65.7037 39.8501 0.1441  4853.3482 0.0000 0.0000 0.0000 0.0000 4853.3482
2023 5 3 0 3.2000 118.1800 0.8000 3.2000 0.0000 62.7041 65.7761 39.8962 0.1443  4714.9315 0.0000 0.0000 0.0000 0.0000 4714.9315
2023 5 4 0 3.2000 112.1600 0.8000 3.2000 0.0000 62.7898 65.8618 39.9507 0.1445  4480.8747 0.0000 0.0000 0.0000 0.0000 4480.8747
2023 5 5 0 3.2000 97.5700 0.8000 3.2000 0.0000 62.8725 65.9445 40.0034 0.1447  3903.1284 0.0000 0.0000 0.0000 0.0000 3903.1284
2023 5 6 0 3.2000 94.9300 0.8000 3.2000 0.0000 62.9350 66.0070 40.0431 0.1448  3801.2926 0.0000 0.0000 0.0000 0.0000 3801.2926
2023 5 7 0 3.2000 88.0500 0.8000 3.2000 0.0000 62.9720 66.0440 40.0667 0.1449  3527.8718 0.0000 0.0000 0.0000 0.0000 3527.8718
2023 5 8 0 3.2000 102.0400 0.8000 3.2000 0.0000 63.0061 66.0781 40.0883 0.1450  4090.6143 0.0000 0.0000 0.0000 0.0000 4090.6143
2023 5 9 0 3.2000 96.1600 0.8000 3.2000 0.0000 63.1026 66.1746 40.1497 0.1452  3860.7993 0.0000 0.0000 0.0000 0.0000 3860.7993
2023 5 10 0 3.2000 94.0200 0.8000 3.2000 0.0000 63.3977 66.4697 40.3375 0.1459  3792.5324 0.0000 0.0000 0.0000 0.0000 3792.5324
2023 5 11 0 0.9200 101.3600 0.2300 0.9200 0.0000 66.5910 66.8449 10.8385 0.1364  1098.5879 0.0000 0.0000 0.0000 0.0000 1098.5879
2023 5 12 0 0.0000 91.5000 0.0000 0.0000 0.0000 67.0000 67.0000 0.0000 0.0000  0.0000 1.0000 1.0000 0.0000 0.0000 -1.0000
2023 5 13 0 0.0000 74.6100 0.0000 0.0000 0.0000 67.0000 67.0000 0.0000 0.0000  0.0000 0.0000 0.0000 0.0000 0.0000 0.0000
2023 5 14 0 0.0000 72.7500 0.0000 0.0000 0.0000 67.0000 67.0000 0.0000 0.0000  0.0000 0.0000 0.0000 0.0000 0.0000 0.0000
2023 5 15 0 0.0000 94.8900 0.0000 0.0000 0.0000 67.0000 67.0000 0.0000 0.0000  0.0000 0.0000 0.0000 0.0000 0.0000 0.0000
2023 5 16 0 0.0000 63.0700 0.0000 0.0000 0.0000 67.0000 67.0000 0.0000 0.0000  0.0000 0.0000 0.0000 0.0000 0.0000 0.0000
2023 5 17 0 0.0000 54.3000 0.0000 0.0000 0.0000 67.0000 67.0000 0.0000 0.0000  0.0000 0.0000 0.0000 0.0000 0.0000 0.0000
2023 5 18 0 0.0000 88.1100 0.0000 0.0000 0.0000 67.0000 67.0000 0.0000 0.0000  0.0000 0.0000 0.0000 0.0000 0.0000 0.0000
2023 5 19 0 0.0000 92.9400 0.0000 0.0000 0.0000 67.0000 67.0000 0.0000 0.0000  0.0000 0.0000 0.0000 0.0000 0.0000 0.0000
2023 5 20 0 0.0000 52.6300 0.0000 0.0000 0.0000 67.0000 67.0000 0.0000 0.0000  0.0000 0.0000 0.0000 0.0000 0.0000 0.0000
2023 5 21 0 0.0000 37.1300 0.0000 0.0000 0.0000 67.0000 67.0000 0.0000 0.0000  0.0000 0.0000 0.0000 0.0000 0.0000 0.0000
2023 5 22 0 0.0000 84.4700 0.0000 0.0000 0.0000 67.0000 67.0000 0.0000 0.0000  0.0000 0.0000 0.0000 0.0000 0.0000 0.0000
2023 5 23 0 0.0000 63.0000 0.0000 0.0000 0.0000 67.0000 67.0000 0.0000 0.0000  0.0000 0.0000 0.0000 0.0000 0.0000 0.0000
2023 5 24 0 0.0000 82.4800 0.0000 0.0000 0.0000 67.0000 67.0000 0.0000 0.0000  0.0000 0.0000 0.0000 0.0000 0.0000 0.0000
2023 5 25 0 0.0000 57.6600 0.0000 0.0000 0.0000 67.0000 67.0000 0.0000 0.0000  0.0000 0.0000 0.0000 0.0000 0.0000 0.0000
2023 5 26 0 0.0000 61.9200 0.0000 0.0000 0.0000 67.0000 67.0000 0.0000 0.0000  0.0000 0.0000 0.0000 0.0000 0.0000 0.0000
2023 5 27 0 0.0000 61.7400 0.0000 0.0000 0.0000 67.0000 67.0000 0.0000 0.0000  0.0000 0.0000 0.0000 0.0000 0.0000 0.0000
2023 5 28 0 0.0000 48.1500 0.0000 0.0000 0.0000 67.0000 67.0000 0.0000 0.0000  0.0000 0.0000 0.0000 0.0000 0.0000 0.0000
2023 5 29 0 0.0000 41.9900 0.0000 0.0000 0.0000 67.0000 67.0000 0.0000 0.0000  0.0000 0.0000 0.0000 0.0000 0.0000 0.0000
2023 5 30 0 0.0000 85.7800 0.0000 0.0000 0.0000 67.0000 67.0000 0.0000 0.0000  0.0000 0.0000 0.0000 0.0000 0.0000 0.0000
2023 5 31 0 0.0000 60.1500 0.0000 0.0000 0.0000 67.0000 67.0000 0.0000 0.0000  0.0000 0.0000 0.0000 0.0000 0.0000 0.0000
2023 6 1 0 0.0000 67.1300 0.0000 0.0000 0.0000 67.0000 67.0000 0.0000 0.0000  0.0000 0.0000 0.0000 0.0000 0.0000 0.0000
2023 6 2 0 0.0000 80.9600 0.0000 0.0000 0.0000 67.0000 67.0000 0.0000 0.0000  0.0000 0.0000 0.0000 0.0000 0.0000 0.0000
2023 6 3 0 0.0000 62.3200 0.0000 0.0000 0.0000 67.0000 67.0000 0.0000 0.0000  0.0000 0.0000 0.0000 0.0000 0.0000 0.0000
2023 6 4 0 0.0000 61.2100 0.0000 0.0000 0.0000 67.0000 67.0000 0.0000 0.0000  0.0000 0.0000 0.0000 0.0000 0.0000 0.0000
2023 6 5 0 0.0000 87.8500 0.0000 0.0000 0.0000 67.0000 67.0000 0.0000 0.0000  0.0000 0.0000 0.0000 0.0000 0.0000 0.0000
2023 6 6 0 0.0000 90.1800 0.0000 0.0000 0.0000 67.0000 67.0000 0.0000 0.0000  0.0000 0.0000 0.0000 0.0000 0.0000 0.0000
2023 6 7 0 0.0000 96.7800 0.0000 0.0000 0.0000 67.0000 67.0000 0.0000 0.0000  0.0000 0.0000 0.0000 0.0000 0.0000 0.0000
2023 6 8 0 0.0000 89.0900 0.0000 0.0000 0.0000 67.0000 67.0000 0.0000 0.0000  0.0000 0.0000 0.0000 0.0000 0.0000 0.0000
2023 6 9 0 0.0000 88.9200 0.0000 0.0000 0.0000 67.0000 67.0000 0.0000 0.0000  0.0000 0.0000 0.0000 0.0000 0.0000 0.0000
2023 6 10 0 0.0000 61.8300 0.0000 0.0000 0.0000 67.0000 67.0000 0.0000 0.0000  0.0000 0.0000 0.0000 0.0000 0.0000 0.0000
2023 6 11 0 0.0000 47.6500 0.0000 0.0000 0.0000 67.0000 67.0000 0.0000 0.0000  0.0000 0.0000 0.0000 0.0000 0.0000 0.0000
2023 6 12 0 0.0000 88.7900 0.0000 0.0000 0.0000 67.0000 67.0000 0.0000 0.0000  0.0000 0.0000 0.0000 0.0000 0.0000 0.0000
2023 6 13 0 0.0000 99.0700 0.0000 0.0000 0.0000 67.0000 67.0000 0.0000 0.0000  0.0000 0.0000 0.0000 0.0000 0.0000 0.0000
2023 6 14 0 0.0000 105.6600 0.0000 0.0000 0.0000 67.0000 67.0000 0.0000 0.0000  0.0000 0.0000 0.0000 0.0000 0.0000 0.0000
2023 6 15 0 0.0000 116.5000 0.0000 0.0000 0.0000 67.0000 67.0000 0.0000 0.0000  0.0000 0.0000 0.0000 0.0000 0.0000 0.0000
2023 6 16 0 0.0000 123.1200 0.0000 0.0000 0.0000 67.0000 67.0000 0.0000 0.0000  0.0000 0.0000 0.0000 0.0000 0.0000 0.0000
2023 6 17 0 0.0000 107.5100 0.0000 0.0000 0.0000 67.0000 67.0000 0.0000 0.0000  0.0000 0.0000 0.0000 0.0000 0.0000 0.0000
2023 6 18 0 0.0000 102.7200 0.0000 0.0000 0.0000 67.0000 67.0000 0.0000 0.0000  0.0000 0.0000 0.0000 0.0000 0.0000 0.0000
2023 6 19 0 0.0000 116.7200 0.0000 0.0000 0.0000 67.0000 67.0000 0.0000 0.0000  0.0000 0.0000 0.0000 0.0000 0.0000 0.0000
2023 6 20 0 0.0000 131.3100 0.0000 0.0000 0.0000 67.0000 67.0000 0.0000 0.0000  0.0000 0.0000 0.0000 0.0000 0.0000 0.0000
2023 6 21 0 0.0000 131.9100 0.0000 0.0000 0.0000 67.0000 67.0000 0.0000 0.0000  0.0000 0.0000 0.0000 0.0000 0.0000 0.0000
2023 6 22 0 0.0000 129.3300 0.0000 0.0000 0.0000 67.0000 67.0000 0.0000 0.0000  0.0000 0.0000 0.0000 0.0000 0.0000 0.0000
2023 6 23 0 0.0000 112.7300 0.0000 0.0000 0.0000 67.0000 67.0000 0.0000 0.0000  0.0000 0.0000 0.0000 0.0000 0.0000 0.0000
2023 6 24 0 0.0000 91.6000 0.0000 0.0000 0.0000 67.0000 67.0000 0.0000 0.0000  0.0000 0.0000 0.0000 0.0000 0.0000 0.0000
2023 6 25 0 0.0000 78.9200 0.0000 0.0000 0.0000 67.0000 67.0000 0.0000 0.0000  0.0000 0.0000 0.0000 0.0000 0.0000 0.0000
2023 6 26 0 0.0000 97.3600 0.0000 0.0000 0.0000 67.0000 67.0000 0.0000 0.0000  0.0000 0.0000 0.0000 0.0000 0.0000 0.0000
2023 6 27 0 0.0000 97.1000 0.0000 0.0000 0.0000 67.0000 67.0000 0.0000 0.0000  0.0000 0.0000 0.0000 0.0000 0.0000 0.0000
2023 6 28 0 0.0000 110.3800 0.0000 0.0000 0.0000 67.0000 67.0000 0.0000 0.0000  0.0000 0.0000 0.0000 0.0000 0.0000 0.0000
2023 6 29 0 0.0000 115.5800 0.0000 0.0000 0.0000 67.0000 67.0000 0.0000 0.0000  0.0000 0.0000 0.0000 0.0000 0.0000 0.0000
2023 6 30 0 0.0000 106.1600 0.0000 0.0000 0.0000 67.0000 67.0000 0.0000 0.0000  0.0000 0.0000 0.0000 0.0000 0.0000 0.0000
2023 7 1 0 0.0000 61.0800 0.0000 0.0000 0.0000 67.0000 67.0000 0.0000 0.0000  0.0000 0.0000 0.0000 0.0000 0.0000 0.0000
2023 7 2 0 0.0000 15.9100 0.0000 0.0000 0.0000 67.0000 67.0000 0.0000 0.0000  0.0000 0.0000 0.0000 0.0000 0.0000 0.0000
2023 7 3 0 0.0000 50.3200 0.0000 0.0000 0.0000 67.0000 67.0000 0.0000 0.0000  0.0000 0.0000 0.0000 0.0000 0.0000 0.0000
2023 7 4 0 0.0000 83.2500 0.0000 0.0000 0.0000 67.0000 67.0000 0.0000 0.0000  0.0000 0.0000 0.0000 0.0000 0.0000 0.0000
2023 7 5 0 0.0000 80.5300 0.0000 0.0000 0.0000 67.0000 67.0000 0.0000 0.0000  0.0000 0.0000 0.0000 0.0000 0.0000 0.0000
2023 7 6 0 0.0000 96.7500 0.0000 0.0000 0.0000 67.0000 67.0000 0.0000 0.0000  0.0000 0.0000 0.0000 0.0000 0.0000 0.0000
2023 7 7 0 0.0000 101.0400 0.0000 0.0000 0.0000 67.0000 67.0000 0.0000 0.0000  0.0000 0.0000 0.0000 0.0000 0.0000 0.0000
2023 7 8 0 0.0000 87.4600 0.0000 0.0000 0.0000 67.0000 67.0000 0.0000 0.0000  0.0000 0.0000 0.0000 0.0000 0.0000 0.0000
2023 7 9 0 0.0000 94.0500 0.0000 0.0000 0.0000 67.0000 67.0000 0.0000 0.0000  0.0000 0.0000 0.0000 0.0000 0.0000 0.0000
2023 7 10 0 0.0000 98.2100 0.0000 0.0000 0.0000 67.0000 67.0000 0.0000 0.0000  0.0000 0.0000 0.0000 0.0000 0.0000 0.0000
2023 7 11 0 0.0000 89.8900 0.0000 0.0000 0.0000 67.0000 67.0000 0.0000 0.0000  0.0000 0.0000 0.0000 0.0000 0.0000 0.0000
2023 7 12 0 0.0000 76.6900 0.0000 0.0000 0.0000 67.0000 67.0000 0.0000 0.0000  0.0000 0.0000 0.0000 0.0000 0.0000 0.0000
2023 7 13 0 0.0000 83.4900 0.0000 0.0000 0.0000 67.0000 67.0000 0.0000 0.0000  0.0000 0.0000 0.0000 0.0000 0.0000 0.0000
2023 7 14 0 0.0000 85.4800 0.0000 0.0000 0.0000 67.0000 67.0000 0.0000 0.0000  0.0000 0.0000 0.0000 0.0000 0.0000 0.0000
2023 7 15 0 0.0000 33.3300 0.0000 0.0000 0.0000 67.0000 67.0000 0.0000 0.0000  0.0000 0.0000 0.0000 0.0000 0.0000 0.0000
2023 7 16 0 0.0000 17.8600 0.0000 0.0000 0.0000 67.0000 67.0000 0.0000 0.0000  0.0000 0.0000 0.0000 0.0000 0.0000 0.0000
2023 7 17 0 0.0000 30.5600 0.0000 0.0000 0.0000 67.0000 67.0000 0.0000 0.0000  0.0000 0.0000 0.0000 0.0000 0.0000 0.0000
2023 7 18 0 0.0000 64.7000 0.0000 0.0000 0.0000 67.0000 67.0000 0.0000 0.0000  0.0000 0.0000 0.0000 0.0000 0.0000 0.0000
2023 7 19 0 3.2000 77.7600 0.8000 3.2000 0.0000 63.8845 66.9565 40.6473 0.1470  3160.7306 1.0000 1.0000 0.0000 0.0000 3159.7306
2023 7 20 0 3.2000 64.6700 0.8000 3.2000 0.0000 63.7807 66.8527 40.5812 0.1468  2624.3857 0.0000 0.0000 0.0000 0.0000 2624.3857
2023 7 21 0 3.2000 83.1300 0.8000 3.2000 0.0000 63.6480 66.7200 40.4968 0.1465  3366.4962 0.0000 0.0000 0.0000 0.0000 3366.4962
2023 7 22 0 3.2000 75.6300 0.8000 3.2000 0.0000 63.4950 66.5670 40.3995 0.1461  3055.4109 0.0000 0.0000 0.0000 0.0000 3055.4109
2023 7 23 0 3.2000 33.2000 0.8000 3.2000 0.0000 63.3322 66.4042 40.2958 0.1457  1337.8220 0.0000 0.0000 0.0000 0.0000 1337.8220
2023 7 24 0 3.2000 69.9000 0.8000 3.2000 0.0000 63.1611 66.2331 40.1870 0.1454  2809.0728 0.0000 0.0000 0.0000 0.0000 2809.0728
2023 7 25 0 3.2000 60.2500 0.8000 3.2000 0.0000 62.9763 66.0483 40.0694 0.1449  2414.1830 0.0000 0.0000 0.0000 0.0000 2414.1830
2023 7 26 0 3.2000 69.5200 0.8000 3.2000 0.0000 62.7803 65.8523 39.9447 0.1445  2776.9558 0.0000 0.0000 0.0000 0.0000 2776.9558
2023 7 27 0 3.2000 87.3400 0.8000 3.2000 0.0000 62.5765 65.6485 39.8151 0.1440  3477.4464 0.0000 0.0000 0.0000 0.0000 3477.4464
2023 7 28 0 3.2000 86.7600 0.8000 3.2000 0.0000 62.3659 65.4379 39.6810 0.1435  3442.7245 0.0000 0.0000 0.0000 0.0000 3442.7245
2023 7 29 0 3.2000 74.6100 0.8000 3.2000 0.0000 62.1509 65.2229 39.5442 0.1430  2950.3949 0.0000 0.0000 0.0000 0.0000 2950.3949
2023 7 30 0 3.2000 39.5200 0.8000 3.2000 0.0000 61.9415 65.0135 39.4110 0.1425  1557.5231 0.0000 0.0000 0.0000 0.0000 1557.5231
2023 7 31 0 3.2000 69.3300 0.8000 3.2000 0.0000 61.7847 64.8567 39.3112 0.1422  2725.4479 0.0000 0.0000 0.0000 0.0000 2725.4479
2023 8 1 0 3.2000 73.8700 0.8000 3.2000 0.0000 61.6537 64.7257 39.2279 0.1419  2897.7653 0.0000 0.0000 0.0000 0.0000 2897.7653
2023 8 2 0 3.2000 64.7500 0.8000 3.2000 0.0000 61.4818 64.5538 39.1185 0.1415  2532.9250 0.0000 0.0000 0.0000 0.0000 2532.9250
2023 8 3 0 3.2000 43.5500 0.8000 3.2000 0.0000 61.2793 64.3513 38.9897 0.1410  1698.0014 0.0000 0.0000 0.0000 0.0000 1698.0014
2023 8 4 0 3.2000 62.1300 0.8000 3.2000 0.0000 61.0626 64.1346 38.8518 0.1405  2413.8637 0.0000 0.0000 0.0000 0.0000 2413.8637
2023 8 5 0 3.2000 76.9400 0.8000 3.2000 0.0000 60.8399 63.9119 38.7101 0.1400  2978.3556 0.0000 0.0000 0.0000 0.0000 2978.3556
2023 8 6 0 3.2000 57.5500 0.8000 3.2000 0.0000 60.6133 63.6853 38.5659 0.1395  2219.4688 0.0000 0.0000 0.0000 0.0000 2219.4688
2023 8 7 0 3.2000 16.8300 0.8000 3.2000 0.0000 60.3815 63.4535 38.4185 0.1390  646.5825 0.0000 0.0000 0.0000 0.0000 646.5825
2023 8 8 0 3.2000 0.0400 0.8000 3.2000 0.0000 60.1709 63.2429 38.2844 0.1385  1.5314 0.0000 0.0000 0.0000 0.0000 1.5314
2023 8 9 0 3.2000 14.7000 0.8000 3.2000 0.0000 60.0067 63.0787 38.1800 0.1381  561.2456 0.0000 0.0000 0.0000 0.0000 561.2456
2023 8 10 0 3.2000 51.2900 0.8000 3.2000 0.0000 59.8620 62.9340 38.0879 0.1378  1953.5270 0.0000 0.0000 0.0000 0.0000 1953.5270
2023 8 11 0 3.2000 72.3800 0.8000 3.2000 0.0000 59.7271 62.7991 38.0021 0.1374  2750.5900 0.0000 0.0000 0.0000 0.0000 2750.5900
2023 8 12 0 3.2000 69.7000 0.8000 3.2000 0.0000 59.5858 62.6578 37.9122 0.1371  2642.4778 0.0000 0.0000 0.0000 0.0000 2642.4778
2023 8 13 0 3.2000 63.1900 0.8000 3.2000 0.0000 59.4113 62.4833 37.8012 0.1367  2388.6546 0.0000 0.0000 0.0000 0.0000 2388.6546
2023 8 14 0 3.2000 85.9500 0.8000 3.2000 0.0000 59.2183 62.2903 37.6783 0.1363  3238.4539 0.0000 0.0000 0.0000 0.0000 3238.4539
2023 8 15 0 3.2000 82.7300 0.8000 3.2000 0.0000 59.0576 62.1296 37.5761 0.1359  3108.6712 0.0000 0.0000 0.0000 0.0000 3108.6712
2023 8 16 0 3.2000 93.5300 0.8000 3.2000 0.0000 58.9491 62.0211 37.5070 0.1357  3508.0323 0.0000 0.0000 0.0000 0.0000 3508.0323
2023 8 17 0 3.2000 92.9900 0.8000 3.2000 0.0000 58.8388 61.9108 37.4369 0.1354  3481.2531 0.0000 0.0000 0.0000 0.0000 3481.2531
2023 8 18 0 3.2000 84.3900 0.8000 3.2000 0.0000 58.6988 61.7708 37.3478 0.1351  3151.7782 0.0000 0.0000 0.0000 0.0000 3151.7782
2023 8 19 0 3.2000 48.8800 0.8000 3.2000 0.0000 58.5402 61.6122 37.2469 0.1347  1820.6283 0.0000 0.0000 0.0000 0.0000 1820.6283
2023 8 20 0 3.2000 75.6000 0.8000 3.2000 0.0000 58.4140 61.4860 37.1666 0.1344  2809.7935 0.0000 0.0000 0.0000 0.0000 2809.7935
2023 8 21 0 3.2000 88.4800 0.8000 3.2000 0.0000 58.3041 61.3761 37.0967 0.1342  3282.3146 0.0000 0.0000 0.0000 0.0000 3282.3146
2023 8 22 0 3.2000 92.0800 0.8000 3.2000 0.0000 58.1594 61.2314 37.0046 0.1338  3407.3819 0.0000 0.0000 0.0000 0.0000 3407.3819
2023 8 23 0 3.2000 99.5400 0.8000 3.2000 0.0000 57.9922 61.0642 36.8982 0.1335  3672.8494 0.0000 0.0000 0.0000 0.0000 3672.8494
2023 8 24 0 3.2000 99.6900 0.8000 3.2000 0.0000 57.8091 60.8811 36.7817 0.1330  3666.7706 0.0000 0.0000 0.0000 0.0000 3666.7706
2023 8 25 0 3.2000 93.1800 0.8000 3.2000 0.0000 57.6308 60.7028 36.6682 0.1326  3416.7471 0.0000 0.0000 0.0000 0.0000 3416.7471
2023 8 26 0 3.2000 87.9600 0.8000 3.2000 0.0000 57.4929 60.5649 36.5805 0.1323  3217.6234 0.0000 0.0000 0.0000 0.0000 3217.6234
2023 8 27 0 3.2000 89.4800 0.8000 3.2000 0.0000 57.3878 60.4598 36.5136 0.1321  3267.2412 0.0000 0.0000 0.0000 0.0000 3267.2412
2023 8 28 0 3.2000 91.8000 0.8000 3.2000 0.0000 57.2680 60.3400 36.4374 0.1318  3344.9574 0.0000 0.0000 0.0000 0.0000 3344.9574
2023 8 29 0 3.2000 95.0600 0.8000 3.2000 0.0000 57.1168 60.1888 36.3412 0.1314  3454.5972 0.0000 0.0000 0.0000 0.0000 3454.5972
2023 8 30 0 3.2000 99.5900 0.8000 3.2000 0.0000 56.9445 60.0165 36.2316 0.1310  3608.3034 0.0000 0.0000 0.0000 0.0000 3608.3034
2023 8 31 0 3.2000 97.2200 0.8000 3.2000 0.0000 56.7584 59.8304 36.1132 0.1306  3510.9223 0.0000 0.0000 0.0000 0.0000 3510.9223
