CHANNEL node 8 DALSANA
N_CASCADE_LINRES 3
K_TRAVELTIME_HOURS 6.00
yyyy mm dd hh [m3/s]    [Mm3]       [m3/s]      [Euro]
yyyy mm dd hh Up_Inflow Storage_Mm3 tot_outflow Qmin_Cost
2022 9 1 0 11.9000 0.23621367 9.1660 0.0000 
2022 9 2 0 9.5200 0.20920203 9.8326 0.0000 
2022 9 3 0 8.3300 0.18212967 8.6433 0.0000 
2022 9 4 0 7.4970 0.16345257 7.7132 0.0000 
2022 9 5 0 1.1900 0.03678362 2.6561 0.0000 
2022 9 6 0 0.0000 0.00239811 0.3980 0.0000 
2022 9 7 0 9.5200 0.18903047 7.3599 0.0000 
2022 9 8 0 9.5200 0.20515581 9.3334 0.0000 
2022 9 9 0 9.5200 0.20563199 9.5145 0.0000 
2022 9 10 0 9.5200 0.20563200 9.5200 0.0000 
2022 9 11 0 9.5200 0.20563200 9.5200 0.0000 
2022 9 12 0 9.5200 0.20563200 9.5200 0.0000 
2022 9 13 0 9.5200 0.20563200 9.5200 0.0000 
2022 9 14 0 9.5200 0.20563200 9.5200 0.0000 
2022 9 15 0 9.5200 0.20563200 9.5200 0.0000 
2022 9 16 0 9.5200 0.20563200 9.5200 0.0000 
2022 9 17 0 7.7500 0.17049770 8.1566 0.0000 
2022 9 18 0 10.7000 0.22604571 10.0571 0.0000 
2022 9 19 0 9.5200 0.20754958 9.7341 0.0000 
2022 9 20 0 9.5200 0.20569102 9.5415 0.0000 
2022 9 21 0 4.7200 0.11035254 5.8235 0.0000 
2022 9 22 0 4.7200 0.10219210 4.8144 0.0000 
2022 9 23 0 4.7200 0.10195201 4.7228 0.0000 
2022 9 24 0 4.7200 0.10195200 4.7200 0.0000 
2022 9 25 0 4.7200 0.10195200 4.7200 0.0000 
2022 9 26 0 4.7200 0.10195200 4.7200 0.0000 
2022 9 27 0 4.7200 0.10195200 4.7200 0.0000 
2022 9 28 0 4.7200 0.10195200 4.7200 0.0000 
2022 9 29 0 4.7200 0.10195200 4.7200 0.0000 
2022 9 30 0 4.7200 0.10195200 4.7200 0.0000 
2022 10 1 0 4.7200 0.10195200 4.7200 0.0000 
2022 10 2 0 4.7200 0.10195200 4.7200 0.0000 
2022 10 3 0 4.7200 0.10195200 4.7200 0.0000 
2022 10 4 0 4.7200 0.10195200 4.7200 0.0000 
2022 10 5 0 4.7200 0.10195200 4.7200 0.0000 
2022 10 6 0 4.7200 0.10195200 4.7200 0.0000 
2022 10 7 0 4.7200 0.10195200 4.7200 0.0000 
2022 10 8 0 4.7200 0.10195200 4.7200 0.0000 
2022 10 9 0 4.7200 0.10195200 4.7200 0.0000 
2022 10 10 0 4.7200 0.10195200 4.7200 0.0000 
2022 10 11 0 4.7200 0.10195200 4.7200 0.0000 
2022 10 12 0 4.7200 0.10195200 4.7200 0.0000 
2022 10 13 0 4.7200 0.10195200 4.7200 0.0000 
2022 10 14 0 4.7200 0.10195200 4.7200 0.0000 
2022 10 15 0 4.7200 0.10195200 4.7200 0.0000 
2022 10 16 0 4.7200 0.10195200 4.7200 0.0000 
2022 10 17 0 4.7200 0.10195200 4.7200 0.0000 
2022 10 18 0 4.7200 0.10195200 4.7200 0.0000 
2022 10 19 0 4.7200 0.10195200 4.7200 0.0000 
2022 10 20 0 4.7200 0.10195200 4.7200 0.0000 
2022 10 21 0 4.7200 0.10195200 4.7200 0.0000 
2022 10 22 0 4.7200 0.10195200 4.7200 0.0000 
2022 10 23 0 4.7200 0.10195200 4.7200 0.0000 
2022 10 24 0 4.7200 0.10195200 4.7200 0.0000 
2022 10 25 0 4.7200 0.10195200 4.7200 0.0000 
2022 10 26 0 5.2708 0.11288540 5.1443 0.0000 
2022 10 27 0 7.7430 0.16289506 7.1642 0.0000 
2022 10 28 0 8.6709 0.18554401 8.4088 0.0000 
2022 10 29 0 9.6941 0.20755516 9.4393 0.0000 
2022 10 30 0 10.1776 0.21893835 10.0458 0.0000 
2022 10 31 0 9.5564 0.20748147 9.6890 0.0000 
2022 11 1 0 9.0258 0.19591753 9.1597 0.0000 
2022 11 2 0 9.8953 0.21224272 9.7063 0.0000 
2022 11 3 0 13.9575 0.29432980 13.0075 0.0000 
2022 11 4 0 17.1913 0.36546951 16.3679 0.0000 
2022 11 5 0 18.5675 0.39848748 18.1853 0.0000 
2022 11 6 0 17.9902 0.38952958 18.0939 0.0000 
2022 11 7 0 18.8216 0.40512082 18.6412 0.0000 
2022 11 8 0 18.6814 0.40372220 18.6976 0.0000 
2022 11 9 0 19.4350 0.41848417 19.2641 0.0000 
2022 11 10 0 18.6731 0.40463403 18.8334 0.0000 
2022 11 11 0 17.2052 0.37423950 17.5570 0.0000 
2022 11 12 0 15.4388 0.33664364 15.8740 0.0000 
2022 11 13 0 13.6709 0.29847333 14.1127 0.0000 
2022 11 14 0 12.1707 0.26560130 12.5512 0.0000 
2022 11 15 0 11.5623 0.25088645 11.7327 0.0000 
2022 11 16 0 12.2685 0.26379467 12.1191 0.0000 
2022 11 17 0 15.7141 0.33335884 14.9089 0.0000 
2022 11 18 0 15.2342 0.32972681 15.2763 0.0000 
2022 11 19 0 13.4039 0.29275229 13.8319 0.0000 
2022 11 20 0 11.9765 0.26128281 12.3408 0.0000 
2022 11 21 0 10.4824 0.22910617 10.8548 0.0000 
2022 11 22 0 9.2345 0.20172480 9.5515 0.0000 
2022 11 23 0 8.4102 0.18316575 8.6250 0.0000 
2022 11 24 0 7.9624 0.17281318 8.0822 0.0000 
2022 11 25 0 8.3558 0.17981911 8.2747 0.0000 
2022 11 26 0 9.7823 0.20878091 9.4471 0.0000 
2022 11 27 0 11.5089 0.24549900 11.0839 0.0000 
2022 11 28 0 14.2433 0.30278430 13.5803 0.0000 
2022 11 29 0 14.4100 0.31082842 14.3169 0.0000 
2022 11 30 0 13.1848 0.28692694 13.4614 0.0000 
2022 12 1 0 11.7030 0.25543902 12.0674 0.0000 
2022 12 2 0 10.3880 0.22675612 10.7200 0.0000 
2022 12 3 0 9.2825 0.20250255 9.5632 0.0000 
2022 12 4 0 8.3901 0.18284333 8.6176 0.0000 
2022 12 5 0 7.6773 0.16712168 7.8593 0.0000 
2022 12 6 0 7.1537 0.15547179 7.2885 0.0000 
2022 12 7 0 6.7592 0.14671585 6.8606 0.0000 
2022 12 8 0 11.0094 0.23038393 10.0410 0.0000 
2022 12 9 0 10.6421 0.23029956 10.6431 0.0000 
2022 12 10 0 10.3773 0.22463078 10.4429 0.0000 
2022 12 11 0 10.2258 0.22115617 10.2660 0.0000 
2022 12 12 0 9.5200 0.20687486 9.6853 0.0000 
2022 12 13 0 9.5200 0.20566731 9.5340 0.0000 
2022 12 14 0 9.5200 0.20563200 9.5204 0.0000 
2022 12 15 0 9.5200 0.20563200 9.5200 0.0000 
2022 12 16 0 9.5200 0.20563200 9.5200 0.0000 
2022 12 17 0 9.5200 0.20563200 9.5200 0.0000 
2022 12 18 0 9.5200 0.20563200 9.5200 0.0000 
2022 12 19 0 9.5200 0.20563200 9.5200 0.0000 
2022 12 20 0 9.5200 0.20563200 9.5200 0.0000 
2022 12 21 0 9.5200 0.20563200 9.5200 0.0000 
2022 12 22 0 9.5200 0.20563200 9.5200 0.0000 
2022 12 23 0 9.5200 0.20563200 9.5200 0.0000 
2022 12 24 0 9.5200 0.20563200 9.5200 0.0000 
2022 12 25 0 9.5200 0.20563200 9.5200 0.0000 
2022 12 26 0 9.5200 0.20563200 9.5200 0.0000 
2022 12 27 0 4.7200 0.11035254 5.8228 0.0000 
2022 12 28 0 4.7200 0.10219210 4.8144 0.0000 
2022 12 29 0 4.7200 0.10195201 4.7228 0.0000 
2022 12 30 0 4.7200 0.10195200 4.7200 0.0000 
2022 12 31 0 4.7200 0.10195200 4.7200 0.0000 
2023 1 1 0 4.7200 0.10195200 4.7200 0.0000 
2023 1 2 0 4.7200 0.10195200 4.7200 0.0000 
2023 1 3 0 4.7200 0.10195200 4.7200 0.0000 
2023 1 4 0 4.7200 0.10195200 4.7200 0.0000 
2023 1 5 0 4.7200 0.10195200 4.7200 0.0000 
2023 1 6 0 4.7200 0.10195200 4.7200 0.0000 
2023 1 7 0 4.7200 0.10195200 4.7200 0.0000 
2023 1 8 0 4.7200 0.10195200 4.7200 0.0000 
2023 1 9 0 4.7200 0.10195200 4.7200 0.0000 
2023 1 10 0 4.7200 0.10195200 4.7200 0.0000 
2023 1 11 0 4.7200 0.10195200 4.7200 0.0000 
2023 1 12 0 4.7200 0.10195200 4.7200 0.0000 
2023 1 13 0 4.7200 0.10195200 4.7200 0.0000 
2023 1 14 0 4.7200 0.10195200 4.7200 0.0000 
2023 1 15 0 4.7200 0.10195200 4.7200 0.0000 
2023 1 16 0 4.7200 0.10195200 4.7200 0.0000 
2023 1 17 0 4.7200 0.10195200 4.7200 0.0000 
2023 1 18 0 4.7200 0.10195200 4.7200 0.0000 
2023 1 19 0 4.7200 0.10195200 4.7200 0.0000 
2023 1 20 0 4.7200 0.10195200 4.7200 0.0000 
2023 1 21 0 4.7200 0.10195200 4.7200 0.0000 
2023 1 22 0 4.7200 0.10195200 4.7200 0.0000 
2023 1 23 0 4.7200 0.10195200 4.7200 0.0000 
2023 1 24 0 4.7200 0.10195200 4.7200 0.0000 
2023 1 25 0 9.5200 0.19723147 8.4172 0.0000 
2023 1 26 0 9.5200 0.20539191 9.4256 0.0000 
2023 1 27 0 5.1170 0.11823294 6.1258 0.0000 
2023 1 28 0 0.0000 0.00917556 1.2622 0.0000 
2023 1 29 0 0.0000 0.00025596 0.1032 0.0000 
2023 1 30 0 0.0000 0.00000000 0.0030 0.0000 
2023 1 31 0 0.0000 0.00000000 0.0000 0.0000 
2023 2 1 0 0.0000 0.00000000 0.0000 0.0000 
2023 2 2 0 0.0000 0.00000000 0.0000 0.0000 
2023 2 3 0 0.0000 0.00000000 0.0000 0.0000 
2023 2 4 0 0.0000 0.00000000 0.0000 0.0000 
2023 2 5 0 0.0000 0.00000000 0.0000 0.0000 
2023 2 6 0 0.0000 0.00000000 0.0000 0.0000 
2023 2 7 0 0.0000 0.00000000 0.0000 0.0000 
2023 2 8 0 0.0000 0.00000000 0.0000 0.0000 
2023 2 9 0 0.0000 0.00000000 0.0000 0.0000 
2023 2 10 0 0.0000 0.00000000 0.0000 0.0000 
2023 2 11 0 0.0000 0.00000000 0.0000 0.0000 
2023 2 12 0 0.0000 0.00000000 0.0000 0.0000 
2023 2 13 0 0.0000 0.00000000 0.0000 0.0000 
2023 2 14 0 0.0000 0.00000000 0.0000 0.0000 
2023 2 15 0 0.0000 0.00000000 0.0000 0.0000 
2023 2 16 0 0.0000 0.00000000 0.0000 0.0000 
2023 2 17 0 0.0000 0.00000000 0.0000 0.0000 
2023 2 18 0 0.0000 0.00000000 0.0000 0.0000 
2023 2 19 0 0.0000 0.00000000 0.0000 0.0000 
2023 2 20 0 0.0000 0.00000000 0.0000 0.0000 
2023 2 21 0 0.0000 0.00000000 0.0000 0.0000 
2023 2 22 0 0.0000 0.00000000 0.0000 0.0000 
2023 2 23 0 0.0000 0.00000000 0.0000 0.0000 
2023 2 24 0 0.0000 0.00000000 0.0000 0.0000 
2023 2 25 0 0.0000 0.00000000 0.0000 0.0000 
2023 2 26 0 0.0000 0.00000000 0.0000 0.0000 
2023 2 27 0 0.0000 0.00000000 0.0000 0.0000 
2023 2 28 0 0.2502 0.00496739 0.1928 0.0000 
2023 3 1 0 1.0183 0.02063787 0.8369 0.0000 
2023 3 2 0 1.4847 0.03121501 1.3623 0.0000 
2023 3 3 0 1.7401 0.03711522 1.6718 0.0000 
2023 3 4 0 2.0913 0.04454530 2.0053 0.0000 
2023 3 5 0 2.8387 0.05998986 2.6599 0.0000 
2023 3 6 0 3.3829 0.07208037 3.2429 0.0000 
2023 3 7 0 3.7180 0.07969504 3.6299 0.0000 
2023 3 8 0 3.9656 0.08520636 3.9018 0.0000 
2023 3 9 0 4.1191 0.08869084 4.0787 0.0000 
2023 3 10 0 4.2170 0.09090787 4.1913 0.0000 
2023 3 11 0 4.2782 0.09229643 4.2621 0.0000 
2023 3 12 0 4.3246 0.09332797 4.3127 0.0000 
2023 3 13 0 4.3606 0.09412470 4.3514 0.0000 
2023 3 14 0 4.3921 0.09481165 4.3841 0.0000 
2023 3 15 0 4.4058 0.09514018 4.4020 0.0000 
2023 3 16 0 4.4070 0.09518895 4.4065 0.0000 
2023 3 17 0 4.4280 0.09560772 4.4231 0.0000 
2023 3 18 0 4.4688 0.09645306 4.4590 0.0000 
2023 3 19 0 4.5093 0.09732860 4.4992 0.0000 
2023 3 20 0 4.5584 0.09837258 4.5463 0.0000 
2023 3 21 0 4.5990 0.09926550 4.5887 0.0000 
2023 3 22 0 4.6309 0.09996974 4.6228 0.0000 
2023 3 23 0 4.6852 0.10110400 4.6721 0.0000 
2023 3 24 0 4.7957 0.10339163 4.7693 0.0000 
2023 3 25 0 4.9463 0.10657115 4.9095 0.0000 
2023 3 26 0 5.0623 0.10913418 5.0326 0.0000 
2023 3 27 0 5.1593 0.11126437 5.1346 0.0000 
2023 3 28 0 5.2026 0.11229449 5.1906 0.0000 
2023 3 29 0 5.1415 0.11116117 5.1546 0.0000 
2023 3 30 0 5.1084 0.11040245 5.1172 0.0000 
2023 3 31 0 5.0788 0.10975643 5.0863 0.0000 
2023 4 1 0 5.3262 0.11461502 5.2700 0.0000 
2023 4 2 0 5.5046 0.11857412 5.4587 0.0000 
2023 4 3 0 5.1668 0.11218489 5.2407 0.0000 
2023 4 4 0 4.5373 0.09912511 4.6885 0.0000 
2023 4 5 0 3.9533 0.08644430 4.1000 0.0000 
2023 4 6 0 3.4376 0.07518478 3.5680 0.0000 
2023 4 7 0 2.9869 0.06533208 3.1010 0.0000 
2023 4 8 0 2.6203 0.05726288 2.7137 0.0000 
2023 4 9 0 2.3374 0.05100135 2.4099 0.0000 
2023 4 10 0 2.1515 0.04681124 2.2000 0.0000 
2023 4 11 0 3.7573 0.07835622 3.3922 0.0000 
2023 4 12 0 11.9549 0.24379796 10.0400 0.0000 
2023 4 13 0 11.7136 0.25302563 11.6068 0.0000 
2023 4 14 0 11.7067 0.25288820 11.7083 0.0000 
2023 4 15 0 11.6674 0.25208522 11.6767 0.0000 
2023 4 16 0 11.6423 0.25151977 11.6489 0.0000 
2023 4 17 0 11.6847 0.25231713 11.6755 0.0000 
2023 4 18 0 11.7810 0.25429941 11.7581 0.0000 
2023 4 19 0 11.9071 0.25696791 11.8762 0.0000 
2023 4 20 0 12.1090 0.26119437 12.0601 0.0000 
2023 4 21 0 12.4108 0.26753586 12.3374 0.0000 
2023 4 22 0 12.8012 0.27580784 12.7055 0.0000 
2023 4 23 0 13.5878 0.29210073 13.3992 0.0000 
2023 4 24 0 14.1916 0.30544231 14.0372 0.0000 
2023 4 25 0 14.4209 0.31105994 14.3559 0.0000 
2023 4 26 0 14.3000 0.30908040 14.3229 0.0000 
2023 4 27 0 13.9037 0.30101874 13.9970 0.0000 
2023 4 28 0 13.4258 0.29085416 13.5435 0.0000 
2023 4 29 0 12.9589 0.28075293 13.0758 0.0000 
2023 4 30 0 12.5514 0.27184598 12.6545 0.0000 
2023 5 1 0 12.2236 0.26462278 12.3072 0.0000 
2023 5 2 0 12.0100 0.25980603 12.0657 0.0000 
2023 5 3 0 11.9009 0.25726018 11.9303 0.0000 
2023 5 4 0 11.8460 0.25597586 11.8609 0.0000 
2023 5 5 0 11.7323 0.25361935 11.7596 0.0000 
2023 5 6 0 11.5737 0.25027454 11.6124 0.0000 
2023 5 7 0 11.4750 0.24803989 11.5008 0.0000 
2023 5 8 0 11.5195 0.24874803 11.5113 0.0000 
2023 5 9 0 11.9591 0.25754438 11.8573 0.0000 
2023 5 10 0 13.3035 0.28498040 12.9859 0.0000 
2023 5 11 0 9.5113 0.21201262 10.3558 0.0000 
2023 5 12 0 11.1934 0.23902357 10.8808 0.0000 
2023 5 13 0 15.0544 0.31833323 14.1364 0.0000 
2023 5 14 0 17.7898 0.37927869 17.0844 0.0000 
2023 5 15 0 20.5787 0.43948213 19.8819 0.0000 
2023 5 16 0 24.4140 0.52049149 23.4764 0.0000 
2023 5 17 0 27.9958 0.59824885 27.0958 0.0000 
2023 5 18 0 28.0608 0.60582133 27.9732 0.0000 
2023 5 19 0 27.1050 0.58713834 27.3213 0.0000 
2023 5 20 0 26.2781 0.56910181 26.4868 0.0000 
2023 5 21 0 25.3590 0.54940366 25.5870 0.0000 
2023 5 22 0 24.5475 0.53169223 24.7525 0.0000 
2023 5 23 0 25.6058 0.55127302 25.3791 0.0000 
2023 5 24 0 26.4639 0.57006626 26.2464 0.0000 
2023 5 25 0 26.4474 0.57125073 26.4337 0.0000 
2023 5 26 0 26.3336 0.56900597 26.3596 0.0000 
2023 5 27 0 25.5133 0.55252774 25.7040 0.0000 
2023 5 28 0 23.7140 0.51541224 24.1436 0.0000 
2023 5 29 0 21.1532 0.46148026 21.7774 0.0000 
2023 5 30 0 18.5992 0.40634026 19.2374 0.0000 
2023 5 31 0 16.2982 0.35619630 16.8786 0.0000 
2023 6 1 0 14.2941 0.31237573 14.8013 0.0000 
2023 6 2 0 12.4641 0.27252731 12.9253 0.0000 
2023 6 3 0 10.8161 0.23660256 11.2319 0.0000 
2023 6 4 0 9.4129 0.20585669 9.7688 0.0000 
2023 6 5 0 8.2230 0.17977012 8.5250 0.0000 
2023 6 6 0 7.1809 0.15699085 7.4446 0.0000 
2023 6 7 0 6.2615 0.13691008 6.4939 0.0000 
2023 6 8 0 5.4528 0.11924187 5.6573 0.0000 
2023 6 9 0 4.7371 0.10361373 4.9179 0.0000 
2023 6 10 0 4.1026 0.08976155 4.2629 0.0000 
2023 6 11 0 3.5471 0.07762140 3.6876 0.0000 
2023 6 12 0 3.0666 0.06710729 3.1883 0.0000 
2023 6 13 0 2.6595 0.05818217 2.7628 0.0000 
2023 6 14 0 2.3043 0.05041493 2.3942 0.0000 
2023 6 15 0 2.0081 0.04391072 2.0834 0.0000 
2023 6 16 0 1.7695 0.03865365 1.8304 0.0000 
2023 6 17 0 1.5711 0.03429550 1.6216 0.0000 
2023 6 18 0 1.4112 0.03077262 1.4520 0.0000 
2023 6 19 0 1.2883 0.02805088 1.3198 0.0000 
2023 6 20 0 1.2130 0.02633884 1.2328 0.0000 
2023 6 21 0 1.2360 0.02666072 1.2323 0.0000 
2023 6 22 0 1.7788 0.03747187 1.6537 0.0000 
2023 6 23 0 2.0643 0.04406246 1.9880 0.0000 
2023 6 24 0 2.0826 0.04493718 2.0724 0.0000 
2023 6 25 0 1.9535 0.04241986 1.9826 0.0000 
2023 6 26 0 1.7879 0.03891538 1.8285 0.0000 
2023 6 27 0 1.6461 0.03581184 1.6820 0.0000 
2023 6 28 0 1.5325 0.03330710 1.5615 0.0000 
2023 6 29 0 1.4366 0.03120346 1.4609 0.0000 
2023 6 30 0 1.3836 0.02998354 1.3977 0.0000 
2023 7 1 0 1.3218 0.02866194 1.3371 0.0000 
2023 7 2 0 1.2856 0.02783461 1.2951 0.0000 
2023 7 3 0 1.2561 0.02718493 1.2636 0.0000 
2023 7 4 0 1.3044 0.02809203 1.2939 0.0000 
2023 7 5 0 1.3428 0.02893417 1.3330 0.0000 
2023 7 6 0 1.4220 0.03057512 1.4030 0.0000 
2023 7 7 0 1.5733 0.03371510 1.5370 0.0000 
2023 7 8 0 1.9396 0.04124750 1.8525 0.0000 
2023 7 9 0 2.2911 0.04885446 2.2031 0.0000 
2023 7 10 0 2.4880 0.05337788 2.4356 0.0000 
2023 7 11 0 2.6173 0.05629764 2.5835 0.0000 
2023 7 12 0 2.9016 0.06217032 2.8336 0.0000 
2023 7 13 0 3.0018 0.06464922 2.9731 0.0000 
2023 7 14 0 2.9350 0.06350718 2.9482 0.0000 
2023 7 15 0 3.0086 0.06486103 2.9930 0.0000 
2023 7 16 0 3.8767 0.08221381 3.6759 0.0000 
2023 7 17 0 5.3474 0.11288649 4.9924 0.0000 
2023 7 18 0 6.1621 0.13160277 5.9455 0.0000 
2023 7 19 0 14.2001 0.29261320 12.3365 0.0000 
2023 7 20 0 13.0076 0.28264813 13.1229 0.0000 
2023 7 21 0 12.0662 0.26233682 12.3013 0.0000 
2023 7 22 0 11.3349 0.24616069 11.5221 0.0000 
2023 7 23 0 10.8021 0.23429538 10.9395 0.0000 
2023 7 24 0 10.3736 0.22484618 10.4830 0.0000 
2023 7 25 0 10.0135 0.21694410 10.1050 0.0000 
2023 7 26 0 9.7253 0.21058925 9.7989 0.0000 
2023 7 27 0 9.5200 0.20600574 9.5730 0.0000 
2023 7 28 0 9.5200 0.20564227 9.5242 0.0000 
2023 7 29 0 9.5200 0.20563200 9.5201 0.0000 
2023 7 30 0 9.5200 0.20563200 9.5200 0.0000 
2023 7 31 0 9.5200 0.20563200 9.5200 0.0000 
2023 8 1 0 4.7200 0.11035254 5.8228 0.0000 
2023 8 2 0 4.7200 0.10219210 4.8144 0.0000 
2023 8 3 0 4.7200 0.10195201 4.7228 0.0000 
2023 8 4 0 4.7200 0.10195200 4.7200 0.0000 
2023 8 5 0 4.7200 0.10195200 4.7200 0.0000 
2023 8 6 0 4.7200 0.10195200 4.7200 0.0000 
2023 8 7 0 4.7200 0.10195200 4.7200 0.0000 
2023 8 8 0 4.7200 0.10195200 4.7200 0.0000 
2023 8 9 0 4.7200 0.10195200 4.7200 0.0000 
2023 8 10 0 4.7200 0.10195200 4.7200 0.0000 
2023 8 11 0 4.7200 0.10195200 4.7200 0.0000 
2023 8 12 0 4.7200 0.10195200 4.7200 0.0000 
2023 8 13 0 4.7200 0.10195200 4.7200 0.0000 
2023 8 14 0 4.7200 0.10195200 4.7200 0.0000 
2023 8 15 0 4.7200 0.10195200 4.7200 0.0000 
2023 8 16 0 4.7200 0.10195200 4.7200 0.0000 
2023 8 17 0 4.7200 0.10195200 4.7200 0.0000 
2023 8 18 0 4.7200 0.10195200 4.7200 0.0000 
2023 8 19 0 4.7200 0.10195200 4.7200 0.0000 
2023 8 20 0 4.7200 0.10195200 4.7200 0.0000 
2023 8 21 0 4.7200 0.10195200 4.7200 0.0000 
2023 8 22 0 4.7200 0.10195200 4.7200 0.0000 
2023 8 23 0 4.7200 0.10195200 4.7200 0.0000 
2023 8 24 0 4.7200 0.10195200 4.7200 0.0000 
2023 8 25 0 4.7200 0.10195200 4.7200 0.0000 
2023 8 26 0 4.7200 0.10195200 4.7200 0.0000 
2023 8 27 0 4.7200 0.10195200 4.7200 0.0000 
2023 8 28 0 4.7200 0.10195200 4.7200 0.0000 
2023 8 29 0 4.7200 0.10195200 4.7200 0.0000 
2023 8 30 0 4.7200 0.10195200 4.7200 0.0000 
2023 8 31 0 4.7200 0.10195200 4.7200 0.0000 
