POWERSTATION node 7 SVEIGSHYL_II
init_Power = 0.00000
penstock_config = SEPARATE
headloss_coef = 0.145000
yyyy mm dd hh [m3/s]    [Euro/MWh]  [fr_g0] [m3/s] [m3/s] [m] [m] [MWh] [GWh/Mm3] [Euro] [Euro] [Euro] [Euro] [Euro] [Euro]
yyyy mm dd hh Up_Inflow Price Action_g0 tot_outflow auto_qmin Hnetto Hbrutto Power est_eekv income tot_cost startstopCost adjust_cost cost_aggressive_actions profit
2022 9 1 0 6.0000 564.8800 1.0000 6.0000 0.0000 162.5310 167.7510 196.1013 0.3783  110773.7315 1.0000 1.0000 0.0000 0.0000 110772.7315
2022 9 2 0 4.8000 425.8500 0.8000 4.8000 0.0000 163.9630 167.3038 160.5496 0.3871  68370.0579 0.0000 0.0000 0.0000 0.0000 68370.0579
2022 9 3 0 4.2000 383.9200 0.7000 4.2000 0.0000 164.3746 166.9324 141.1121 0.3889  54175.7773 0.0000 0.0000 0.0000 0.0000 54175.7773
2022 9 4 0 3.7800 310.1000 0.6300 3.7800 0.0000 164.5336 166.6054 127.2994 0.3898  39475.5541 0.0000 0.0000 0.0000 0.0000 39475.5541
2022 9 5 0 0.6000 388.8400 0.1000 0.6000 0.0000 166.3835 166.4357 11.2781 0.2176  4385.3637 0.0000 0.0000 0.0000 0.0000 4385.3637
2022 9 6 0 0.0000 414.3500 0.0000 0.0000 0.0000 166.4314 166.4314 0.0000 0.0000  0.0000 1.0000 1.0000 0.0000 0.0000 -1.0000
2022 9 7 0 4.8000 451.5300 0.8000 4.8000 0.0000 162.9071 166.2479 159.5157 0.3846  72026.1123 1.0000 1.0000 0.0000 0.0000 72025.1123
2022 9 8 0 4.8000 426.5600 0.8000 4.8000 0.0000 162.5155 165.8563 159.1322 0.3837  67879.4372 0.0000 0.0000 0.0000 0.0000 67879.4372
2022 9 9 0 4.8000 352.9300 0.8000 4.8000 0.0000 162.1217 165.4625 158.7466 0.3828  56026.4527 0.0000 0.0000 0.0000 0.0000 56026.4527
2022 9 10 0 4.8000 410.9400 0.8000 4.8000 0.0000 161.7275 165.0683 158.3607 0.3818  65076.7282 0.0000 0.0000 0.0000 0.0000 65076.7282
2022 9 11 0 4.8000 400.0100 0.8000 4.8000 0.0000 161.3350 164.6758 157.9764 0.3809  63192.1223 0.0000 0.0000 0.0000 0.0000 63192.1223
2022 9 12 0 4.8000 407.9500 0.8000 4.8000 0.0000 160.9512 164.2920 157.6005 0.3800  64293.1203 0.0000 0.0000 0.0000 0.0000 64293.1203
2022 9 13 0 4.8000 382.5800 0.8000 4.8000 0.0000 160.6121 163.9529 157.2685 0.3792  60167.7776 0.0000 0.0000 0.0000 0.0000 60167.7776
2022 9 14 0 4.8000 425.5000 0.8000 4.8000 0.0000 160.2929 163.6337 156.9559 0.3785  66784.7368 0.0000 0.0000 0.0000 0.0000 66784.7368
2022 9 15 0 4.8000 355.8200 0.8000 4.8000 0.0000 159.9491 163.2899 156.6193 0.3777  55728.2693 0.0000 0.0000 0.0000 0.0000 55728.2693
2022 9 16 0 4.8000 329.3900 0.8000 4.8000 0.0000 159.5924 162.9332 156.2700 0.3768  51473.7706 0.0000 0.0000 0.0000 0.0000 51473.7706
2022 9 17 0 4.8000 246.9600 0.8000 4.8000 0.0000 159.2249 162.5657 155.9101 0.3759  38503.5699 0.0000 0.0000 0.0000 0.0000 38503.5699
2022 9 18 0 4.8000 117.5900 0.8000 4.8000 0.0000 158.8488 162.1896 155.5419 0.3751  18290.1679 0.0000 0.0000 0.0000 0.0000 18290.1679
2022 9 19 0 4.8000 288.3300 0.8000 4.8000 0.0000 158.4662 161.8070 155.1673 0.3741  44739.3766 0.0000 0.0000 0.0000 0.0000 44739.3766
2022 9 20 0 4.8000 380.8200 0.8000 4.8000 0.0000 158.0793 161.4201 154.7884 0.3732  58946.5387 0.0000 0.0000 0.0000 0.0000 58946.5387
2022 9 21 0 0.0000 388.8300 0.0000 0.0000 0.0000 161.2375 161.2375 0.0000 0.0000  0.0000 1.0000 1.0000 0.0000 0.0000 -1.0000
2022 9 22 0 0.0000 378.9000 0.0000 0.0000 0.0000 161.2599 161.2599 0.0000 0.0000  0.0000 0.0000 0.0000 0.0000 0.0000 0.0000
2022 9 23 0 0.0000 359.9800 0.0000 0.0000 0.0000 161.2818 161.2818 0.0000 0.0000  0.0000 0.0000 0.0000 0.0000 0.0000 0.0000
2022 9 24 0 0.0000 350.7100 0.0000 0.0000 0.0000 161.3047 161.3047 0.0000 0.0000  0.0000 0.0000 0.0000 0.0000 0.0000 0.0000
2022 9 25 0 0.0000 299.0800 0.0000 0.0000 0.0000 161.3611 161.3611 0.0000 0.0000  0.0000 0.0000 0.0000 0.0000 0.0000 0.0000
2022 9 26 0 0.0000 259.4000 0.0000 0.0000 0.0000 161.4835 161.4835 0.0000 0.0000  0.0000 0.0000 0.0000 0.0000 0.0000 0.0000
2022 9 27 0 0.0000 306.8900 0.0000 0.0000 0.0000 161.6648 161.6648 0.0000 0.0000  0.0000 0.0000 0.0000 0.0000 0.0000 0.0000
2022 9 28 0 0.0000 308.5200 0.0000 0.0000 0.0000 161.9294 161.9294 0.0000 0.0000  0.0000 0.0000 0.0000 0.0000 0.0000 0.0000
2022 9 29 0 0.0000 347.1000 0.0000 0.0000 0.0000 162.1991 162.1991 0.0000 0.0000  0.0000 0.0000 0.0000 0.0000 0.0000 0.0000
2022 9 30 0 0.0000 278.9700 0.0000 0.0000 0.0000 162.3899 162.3899 0.0000 0.0000  0.0000 0.0000 0.0000 0.0000 0.0000 0.0000
2022 10 1 0 0.0000 90.2400 0.0000 0.0000 0.0000 162.6338 162.6338 0.0000 0.0000  0.0000 0.0000 0.0000 0.0000 0.0000 0.0000
2022 10 2 0 0.0000 182.7200 0.0000 0.0000 0.0000 162.9763 162.9763 0.0000 0.0000  0.0000 0.0000 0.0000 0.0000 0.0000 0.0000
2022 10 3 0 0.0000 234.6000 0.0000 0.0000 0.0000 163.3080 163.3080 0.0000 0.0000  0.0000 0.0000 0.0000 0.0000 0.0000 0.0000
2022 10 4 0 0.0000 199.0100 0.0000 0.0000 0.0000 163.5996 163.5996 0.0000 0.0000  0.0000 0.0000 0.0000 0.0000 0.0000 0.0000
2022 10 5 0 0.0000 51.1100 0.0000 0.0000 0.0000 163.9951 163.9951 0.0000 0.0000  0.0000 0.0000 0.0000 0.0000 0.0000 0.0000
2022 10 6 0 0.0000 23.8700 0.0000 0.0000 0.0000 164.6185 164.6185 0.0000 0.0000  0.0000 0.0000 0.0000 0.0000 0.0000 0.0000
2022 10 7 0 0.0000 30.2900 0.0000 0.0000 0.0000 165.1601 165.1601 0.0000 0.0000  0.0000 0.0000 0.0000 0.0000 0.0000 0.0000
2022 10 8 0 0.0000 53.3800 0.0000 0.0000 0.0000 165.4896 165.4896 0.0000 0.0000  0.0000 0.0000 0.0000 0.0000 0.0000 0.0000
2022 10 9 0 0.0000 91.9400 0.0000 0.0000 0.0000 165.7697 165.7697 0.0000 0.0000  0.0000 0.0000 0.0000 0.0000 0.0000 0.0000
2022 10 10 0 0.0000 137.7100 0.0000 0.0000 0.0000 166.0006 166.0006 0.0000 0.0000  0.0000 0.0000 0.0000 0.0000 0.0000 0.0000
2022 10 11 0 0.0000 174.3200 0.0000 0.0000 0.0000 166.2113 166.2113 0.0000 0.0000  0.0000 0.0000 0.0000 0.0000 0.0000 0.0000
2022 10 12 0 0.0000 199.9900 0.0000 0.0000 0.0000 166.4025 166.4025 0.0000 0.0000  0.0000 0.0000 0.0000 0.0000 0.0000 0.0000
2022 10 13 0 0.0000 233.6000 0.0000 0.0000 0.0000 166.5697 166.5697 0.0000 0.0000  0.0000 0.0000 0.0000 0.0000 0.0000 0.0000
2022 10 14 0 0.0000 217.2400 0.0000 0.0000 0.0000 166.7183 166.7183 0.0000 0.0000  0.0000 0.0000 0.0000 0.0000 0.0000 0.0000
2022 10 15 0 0.0000 154.6600 0.0000 0.0000 0.0000 166.9006 166.9006 0.0000 0.0000  0.0000 0.0000 0.0000 0.0000 0.0000 0.0000
2022 10 16 0 0.0000 113.2100 0.0000 0.0000 0.0000 167.1470 167.1470 0.0000 0.0000  0.0000 0.0000 0.0000 0.0000 0.0000 0.0000
2022 10 17 0 0.0000 146.2200 0.0000 0.0000 0.0000 167.4068 167.4068 0.0000 0.0000  0.0000 0.0000 0.0000 0.0000 0.0000 0.0000
2022 10 18 0 0.0000 163.8200 0.0000 0.0000 0.0000 167.6519 167.6519 0.0000 0.0000  0.0000 0.0000 0.0000 0.0000 0.0000 0.0000
2022 10 19 0 0.0000 159.7000 0.0000 0.0000 0.0000 167.8733 167.8733 0.0000 0.0000  0.0000 0.0000 0.0000 0.0000 0.0000 0.0000
2022 10 20 0 0.0000 142.1100 0.0000 0.0000 0.0000 167.9879 167.9879 0.0000 0.0000  0.0000 0.0000 0.0000 0.0000 0.0000 0.0000
2022 10 21 0 0.0000 157.4800 0.0000 0.0000 0.0000 168.0000 168.0000 0.0000 0.0000  0.0000 0.0000 0.0000 0.0000 0.0000 0.0000
2022 10 22 0 0.0000 142.0700 0.0000 0.0000 0.0000 168.0000 168.0000 0.0000 0.0000  0.0000 0.0000 0.0000 0.0000 0.0000 0.0000
2022 10 23 0 0.0000 99.6700 0.0000 0.0000 0.0000 168.0000 168.0000 0.0000 0.0000  0.0000 0.0000 0.0000 0.0000 0.0000 0.0000
2022 10 24 0 0.0000 85.2000 0.0000 0.0000 0.0000 168.0000 168.0000 0.0000 0.0000  0.0000 0.0000 0.0000 0.0000 0.0000 0.0000
2022 10 25 0 0.0000 110.5100 0.0000 0.0000 0.0000 168.0000 168.0000 0.0000 0.0000  0.0000 0.0000 0.0000 0.0000 0.0000 0.0000
2022 10 26 0 0.0000 121.4900 0.0000 0.0000 0.0000 168.0000 168.0000 0.0000 0.0000  0.0000 0.0000 0.0000 0.0000 0.0000 0.0000
2022 10 27 0 0.0000 117.6600 0.0000 0.0000 0.0000 168.0000 168.0000 0.0000 0.0000  0.0000 0.0000 0.0000 0.0000 0.0000 0.0000
2022 10 28 0 0.0000 103.2200 0.0000 0.0000 0.0000 168.0000 168.0000 0.0000 0.0000  0.0000 0.0000 0.0000 0.0000 0.0000 0.0000
2022 10 29 0 0.0000 101.6200 0.0000 0.0000 0.0000 168.0000 168.0000 0.0000 0.0000  0.0000 0.0000 0.0000 0.0000 0.0000 0.0000
2022 10 30 0 0.0000 117.9300 0.0000 0.0000 0.0000 168.0000 168.0000 0.0000 0.0000  0.0000 0.0000 0.0000 0.0000 0.0000 0.0000
2022 10 31 0 0.0000 144.1300 0.0000 0.0000 0.0000 168.0000 168.0000 0.0000 0.0000  0.0000 0.0000 0.0000 0.0000 0.0000 0.0000
2022 11 1 0 0.0000 72.4900 0.0000 0.0000 0.0000 168.0000 168.0000 0.0000 0.0000  0.0000 0.0000 0.0000 0.0000 0.0000 0.0000
2022 11 2 0 0.0000 71.1700 0.0000 0.0000 0.0000 168.0000 168.0000 0.0000 0.0000  0.0000 0.0000 0.0000 0.0000 0.0000 0.0000
2022 11 3 0 0.0000 86.5000 0.0000 0.0000 0.0000 168.0000 168.0000 0.0000 0.0000  0.0000 0.0000 0.0000 0.0000 0.0000 0.0000
2022 11 4 0 0.0000 72.6700 0.0000 0.0000 0.0000 168.0000 168.0000 0.0000 0.0000  0.0000 0.0000 0.0000 0.0000 0.0000 0.0000
2022 11 5 0 0.0000 47.6500 0.0000 0.0000 0.0000 168.0000 168.0000 0.0000 0.0000  0.0000 0.0000 0.0000 0.0000 0.0000 0.0000
2022 11 6 0 0.0000 35.7500 0.0000 0.0000 0.0000 168.0000 168.0000 0.0000 0.0000  0.0000 0.0000 0.0000 0.0000 0.0000 0.0000
2022 11 7 0 0.0000 43.8300 0.0000 0.0000 0.0000 168.0000 168.0000 0.0000 0.0000  0.0000 0.0000 0.0000 0.0000 0.0000 0.0000
2022 11 8 0 0.0000 51.0900 0.0000 0.0000 0.0000 168.0000 168.0000 0.0000 0.0000  0.0000 0.0000 0.0000 0.0000 0.0000 0.0000
2022 11 9 0 0.0000 42.5700 0.0000 0.0000 0.0000 168.0000 168.0000 0.0000 0.0000  0.0000 0.0000 0.0000 0.0000 0.0000 0.0000
2022 11 10 0 0.0000 27.4000 0.0000 0.0000 0.0000 168.0000 168.0000 0.0000 0.0000  0.0000 0.0000 0.0000 0.0000 0.0000 0.0000
2022 11 11 0 0.0000 2.0000 0.0000 0.0000 0.0000 168.0000 168.0000 0.0000 0.0000  0.0000 0.0000 0.0000 0.0000 0.0000 0.0000
2022 11 12 0 0.0000 2.3700 0.0000 0.0000 0.0000 168.0000 168.0000 0.0000 0.0000  0.0000 0.0000 0.0000 0.0000 0.0000 0.0000
2022 11 13 0 0.0000 29.9300 0.0000 0.0000 0.0000 168.0000 168.0000 0.0000 0.0000  0.0000 0.0000 0.0000 0.0000 0.0000 0.0000
2022 11 14 0 0.0000 53.6800 0.0000 0.0000 0.0000 168.0000 168.0000 0.0000 0.0000  0.0000 0.0000 0.0000 0.0000 0.0000 0.0000
2022 11 15 0 0.0000 53.7500 0.0000 0.0000 0.0000 168.0000 168.0000 0.0000 0.0000  0.0000 0.0000 0.0000 0.0000 0.0000 0.0000
2022 11 16 0 0.0000 27.6900 0.0000 0.0000 0.0000 168.0000 168.0000 0.0000 0.0000  0.0000 0.0000 0.0000 0.0000 0.0000 0.0000
2022 11 17 0 0.0000 48.9100 0.0000 0.0000 0.0000 168.0000 168.0000 0.0000 0.0000  0.0000 0.0000 0.0000 0.0000 0.0000 0.0000
2022 11 18 0 0.0000 113.7000 0.0000 0.0000 0.0000 168.0000 168.0000 0.0000 0.0000  0.0000 0.0000 0.0000 0.0000 0.0000 0.0000
2022 11 19 0 0.0000 167.1000 0.0000 0.0000 0.0000 168.0000 168.0000 0.0000 0.0000  0.0000 0.0000 0.0000 0.0000 0.0000 0.0000
2022 11 20 0 0.0000 162.8400 0.0000 0.0000 0.0000 168.0000 168.0000 0.0000 0.0000  0.0000 0.0000 0.0000 0.0000 0.0000 0.0000
2022 11 21 0 0.0000 209.5500 0.0000 0.0000 0.0000 168.0000 168.0000 0.0000 0.0000  0.0000 0.0000 0.0000 0.0000 0.0000 0.0000
2022 11 22 0 0.0000 174.4300 0.0000 0.0000 0.0000 168.0000 168.0000 0.0000 0.0000  0.0000 0.0000 0.0000 0.0000 0.0000 0.0000
2022 11 23 0 0.0000 149.8400 0.0000 0.0000 0.0000 168.0000 168.0000 0.0000 0.0000  0.0000 0.0000 0.0000 0.0000 0.0000 0.0000
2022 11 24 0 0.0000 172.1800 0.0000 0.0000 0.0000 168.0000 168.0000 0.0000 0.0000  0.0000 0.0000 0.0000 0.0000 0.0000 0.0000
2022 11 25 0 0.0000 200.3300 0.0000 0.0000 0.0000 168.0000 168.0000 0.0000 0.0000  0.0000 0.0000 0.0000 0.0000 0.0000 0.0000
2022 11 26 0 0.0000 196.0200 0.0000 0.0000 0.0000 168.0000 168.0000 0.0000 0.0000  0.0000 0.0000 0.0000 0.0000 0.0000 0.0000
2022 11 27 0 0.0000 146.0400 0.0000 0.0000 0.0000 168.0000 168.0000 0.0000 0.0000  0.0000 0.0000 0.0000 0.0000 0.0000 0.0000
2022 11 28 0 0.0000 195.3000 0.0000 0.0000 0.0000 168.0000 168.0000 0.0000 0.0000  0.0000 0.0000 0.0000 0.0000 0.0000 0.0000
2022 11 29 0 0.0000 362.5600 0.0000 0.0000 0.0000 168.0000 168.0000 0.0000 0.0000  0.0000 0.0000 0.0000 0.0000 0.0000 0.0000
2022 11 30 0 0.0000 364.6000 0.0000 0.0000 0.0000 168.0000 168.0000 0.0000 0.0000  0.0000 0.0000 0.0000 0.0000 0.0000 0.0000
2022 12 1 0 0.0000 349.6500 0.0000 0.0000 0.0000 168.0000 168.0000 0.0000 0.0000  0.0000 0.0000 0.0000 0.0000 0.0000 0.0000
2022 12 2 0 0.0000 324.9900 0.0000 0.0000 0.0000 168.0000 168.0000 0.0000 0.0000  0.0000 0.0000 0.0000 0.0000 0.0000 0.0000
2022 12 3 0 0.0000 268.8200 0.0000 0.0000 0.0000 168.0000 168.0000 0.0000 0.0000  0.0000 0.0000 0.0000 0.0000 0.0000 0.0000
2022 12 4 0 0.0000 271.5000 0.0000 0.0000 0.0000 168.0000 168.0000 0.0000 0.0000  0.0000 0.0000 0.0000 0.0000 0.0000 0.0000
2022 12 5 0 0.0000 290.7800 0.0000 0.0000 0.0000 168.0000 168.0000 0.0000 0.0000  0.0000 0.0000 0.0000 0.0000 0.0000 0.0000
2022 12 6 0 0.0000 346.8000 0.0000 0.0000 0.0000 168.0000 168.0000 0.0000 0.0000  0.0000 0.0000 0.0000 0.0000 0.0000 0.0000
2022 12 7 0 0.0000 334.1100 0.0000 0.0000 0.0000 168.0000 168.0000 0.0000 0.0000  0.0000 0.0000 0.0000 0.0000 0.0000 0.0000
2022 12 8 0 4.8000 399.0300 0.8000 4.8000 0.0000 164.5645 167.9053 161.1386 0.3885  64299.1525 1.0000 1.0000 0.0000 0.0000 64298.1525
2022 12 9 0 4.8000 418.6900 0.8000 4.8000 0.0000 164.3157 167.6565 160.8949 0.3880  67365.1011 0.0000 0.0000 0.0000 0.0000 67365.1011
2022 12 10 0 4.8000 362.9800 0.8000 4.8000 0.0000 164.0072 167.3480 160.5929 0.3872  58292.0100 0.0000 0.0000 0.0000 0.0000 58292.0100
2022 12 11 0 4.8000 338.6100 0.8000 4.8000 0.0000 163.7022 167.0430 160.2942 0.3865  54277.2251 0.0000 0.0000 0.0000 0.0000 54277.2251
2022 12 12 0 4.8000 446.1100 0.8000 4.8000 0.0000 163.4010 166.7418 159.9994 0.3858  71377.3091 0.0000 0.0000 0.0000 0.0000 71377.3091
2022 12 13 0 4.8000 458.6300 0.8000 4.8000 0.0000 163.0977 166.4385 159.7024 0.3851  73244.2999 0.0000 0.0000 0.0000 0.0000 73244.2999
2022 12 14 0 4.8000 451.4100 0.8000 4.8000 0.0000 162.7888 166.1296 159.3999 0.3844  71954.7130 0.0000 0.0000 0.0000 0.0000 71954.7130
2022 12 15 0 4.8000 396.6100 0.8000 4.8000 0.0000 162.4731 165.8139 159.0907 0.3836  63096.9576 0.0000 0.0000 0.0000 0.0000 63096.9576
2022 12 16 0 4.8000 413.8400 0.8000 4.8000 0.0000 162.1499 165.4907 158.7743 0.3828  65707.1589 0.0000 0.0000 0.0000 0.0000 65707.1589
2022 12 17 0 4.8000 254.6500 0.8000 4.8000 0.0000 161.8217 165.1625 158.4529 0.3821  40350.0198 0.0000 0.0000 0.0000 0.0000 40350.0198
2022 12 18 0 4.8000 206.4000 0.8000 4.8000 0.0000 161.4925 164.8333 158.1306 0.3813  32638.1483 0.0000 0.0000 0.0000 0.0000 32638.1483
2022 12 19 0 4.8000 211.4800 0.8000 4.8000 0.0000 161.1668 164.5076 157.8117 0.3805  33374.0074 0.0000 0.0000 0.0000 0.0000 33374.0074
2022 12 20 0 4.8000 205.2500 0.8000 4.8000 0.0000 160.8519 164.1927 157.5033 0.3798  32327.5484 0.0000 0.0000 0.0000 0.0000 32327.5484
2022 12 21 0 4.8000 223.3000 0.8000 4.8000 0.0000 160.5744 163.9152 157.2316 0.3791  35109.8192 0.0000 0.0000 0.0000 0.0000 35109.8192
2022 12 22 0 4.8000 201.9700 0.8000 4.8000 0.0000 160.3280 163.6688 156.9903 0.3785  31707.3339 0.0000 0.0000 0.0000 0.0000 31707.3339
2022 12 23 0 4.8000 193.2900 0.8000 4.8000 0.0000 160.0631 163.4039 156.7309 0.3779  30294.5103 0.0000 0.0000 0.0000 0.0000 30294.5103
2022 12 24 0 4.8000 142.3700 0.8000 4.8000 0.0000 159.7606 163.1014 156.4347 0.3772  22271.6133 0.0000 0.0000 0.0000 0.0000 22271.6133
2022 12 25 0 4.8000 129.4400 0.8000 4.8000 0.0000 159.4336 162.7744 156.1146 0.3764  20207.4688 0.0000 0.0000 0.0000 0.0000 20207.4688
2022 12 26 0 4.8000 111.7200 0.8000 4.8000 0.0000 159.1338 162.4746 155.8210 0.3757  17408.3170 0.0000 0.0000 0.0000 0.0000 17408.3170
2022 12 27 0 0.0000 141.3500 0.0000 0.0000 0.0000 162.4052 162.4052 0.0000 0.0000  0.0000 1.0000 1.0000 0.0000 0.0000 -1.0000
2022 12 28 0 0.0000 122.1300 0.0000 0.0000 0.0000 162.5155 162.5155 0.0000 0.0000  0.0000 0.0000 0.0000 0.0000 0.0000 0.0000
2022 12 29 0 0.0000 96.2800 0.0000 0.0000 0.0000 162.6081 162.6081 0.0000 0.0000  0.0000 0.0000 0.0000 0.0000 0.0000 0.0000
2022 12 30 0 0.0000 100.4100 0.0000 0.0000 0.0000 162.6960 162.6960 0.0000 0.0000  0.0000 0.0000 0.0000 0.0000 0.0000 0.0000
2022 12 31 0 0.0000 116.2200 0.0000 0.0000 0.0000 162.7956 162.7956 0.0000 0.0000  0.0000 0.0000 0.0000 0.0000 0.0000 0.0000
2023 1 1 0 0.0000 112.5700 0.0000 0.0000 0.0000 162.8990 162.8990 0.0000 0.0000  0.0000 0.0000 0.0000 0.0000 0.0000 0.0000
2023 1 2 0 0.0000 149.2600 0.0000 0.0000 0.0000 162.9851 162.9851 0.0000 0.0000  0.0000 0.0000 0.0000 0.0000 0.0000 0.0000
2023 1 3 0 0.0000 154.5400 0.0000 0.0000 0.0000 163.0609 163.0609 0.0000 0.0000  0.0000 0.0000 0.0000 0.0000 0.0000 0.0000
2023 1 4 0 0.0000 114.6400 0.0000 0.0000 0.0000 163.1303 163.1303 0.0000 0.0000  0.0000 0.0000 0.0000 0.0000 0.0000 0.0000
2023 1 5 0 0.0000 144.1600 0.0000 0.0000 0.0000 163.2066 163.2066 0.0000 0.0000  0.0000 0.0000 0.0000 0.0000 0.0000 0.0000
2023 1 6 0 0.0000 126.0400 0.0000 0.0000 0.0000 163.2863 163.2863 0.0000 0.0000  0.0000 0.0000 0.0000 0.0000 0.0000 0.0000
2023 1 7 0 0.0000 102.5400 0.0000 0.0000 0.0000 163.3616 163.3616 0.0000 0.0000  0.0000 0.0000 0.0000 0.0000 0.0000 0.0000
2023 1 8 0 0.0000 75.8000 0.0000 0.0000 0.0000 163.4870 163.4870 0.0000 0.0000  0.0000 0.0000 0.0000 0.0000 0.0000 0.0000
2023 1 9 0 0.0000 133.2800 0.0000 0.0000 0.0000 163.7041 163.7041 0.0000 0.0000  0.0000 0.0000 0.0000 0.0000 0.0000 0.0000
2023 1 10 0 0.0000 130.4400 0.0000 0.0000 0.0000 163.9290 163.9290 0.0000 0.0000  0.0000 0.0000 0.0000 0.0000 0.0000 0.0000
2023 1 11 0 0.0000 96.6800 0.0000 0.0000 0.0000 164.1014 164.1014 0.0000 0.0000  0.0000 0.0000 0.0000 0.0000 0.0000 0.0000
2023 1 12 0 0.0000 89.9500 0.0000 0.0000 0.0000 164.2457 164.2457 0.0000 0.0000  0.0000 0.0000 0.0000 0.0000 0.0000 0.0000
2023 1 13 0 0.0000 82.8000 0.0000 0.0000 0.0000 164.3689 164.3689 0.0000 0.0000  0.0000 0.0000 0.0000 0.0000 0.0000 0.0000
2023 1 14 0 0.0000 94.7100 0.0000 0.0000 0.0000 164.4740 164.4740 0.0000 0.0000  0.0000 0.0000 0.0000 0.0000 0.0000 0.0000
2023 1 15 0 0.0000 70.7800 0.0000 0.0000 0.0000 164.5684 164.5684 0.0000 0.0000  0.0000 0.0000 0.0000 0.0000 0.0000 0.0000
2023 1 16 0 0.0000 139.7600 0.0000 0.0000 0.0000 164.6584 164.6584 0.0000 0.0000  0.0000 0.0000 0.0000 0.0000 0.0000 0.0000
2023 1 17 0 0.0000 134.1900 0.0000 0.0000 0.0000 164.7446 164.7446 0.0000 0.0000  0.0000 0.0000 0.0000 0.0000 0.0000 0.0000
2023 1 18 0 0.0000 138.3800 0.0000 0.0000 0.0000 164.8286 164.8286 0.0000 0.0000  0.0000 0.0000 0.0000 0.0000 0.0000 0.0000
2023 1 19 0 0.0000 148.5600 0.0000 0.0000 0.0000 164.9074 164.9074 0.0000 0.0000  0.0000 0.0000 0.0000 0.0000 0.0000 0.0000
2023 1 20 0 0.0000 162.5000 0.0000 0.0000 0.0000 164.9794 164.9794 0.0000 0.0000  0.0000 0.0000 0.0000 0.0000 0.0000 0.0000
2023 1 21 0 0.0000 150.1900 0.0000 0.0000 0.0000 165.0479 165.0479 0.0000 0.0000  0.0000 0.0000 0.0000 0.0000 0.0000 0.0000
2023 1 22 0 0.0000 151.8000 0.0000 0.0000 0.0000 165.1138 165.1138 0.0000 0.0000  0.0000 0.0000 0.0000 0.0000 0.0000 0.0000
2023 1 23 0 0.0000 197.7300 0.0000 0.0000 0.0000 165.1831 165.1831 0.0000 0.0000  0.0000 0.0000 0.0000 0.0000 0.0000 0.0000
2023 1 24 0 0.0000 184.5400 0.0000 0.0000 0.0000 165.2529 165.2529 0.0000 0.0000  0.0000 0.0000 0.0000 0.0000 0.0000 0.0000
2023 1 25 0 4.8000 137.5700 0.8000 4.8000 0.0000 161.7725 165.1133 158.4048 0.3820  21791.7453 1.0000 1.0000 0.0000 0.0000 21790.7453
2023 1 26 0 4.8000 132.3800 0.8000 4.8000 0.0000 161.4318 164.7726 158.0711 0.3812  20925.4514 0.0000 0.0000 0.0000 0.0000 20925.4514
2023 1 27 0 2.5800 154.0500 0.4300 2.5800 0.0000 163.5653 164.5305 86.7161 0.3890  13358.6118 0.0000 0.0000 0.0000 0.0000 13358.6118
2023 1 28 0 0.0000 116.8100 0.0000 0.0000 0.0000 164.4904 164.4904 0.0000 0.0000  0.0000 1.0000 1.0000 0.0000 0.0000 -1.0000
2023 1 29 0 0.0000 102.3700 0.0000 0.0000 0.0000 164.5563 164.5563 0.0000 0.0000  0.0000 0.0000 0.0000 0.0000 0.0000 0.0000
2023 1 30 0 0.0000 90.0000 0.0000 0.0000 0.0000 164.6239 164.6239 0.0000 0.0000  0.0000 0.0000 0.0000 0.0000 0.0000 0.0000
2023 1 31 0 0.0000 105.1200 0.0000 0.0000 0.0000 164.6937 164.6937 0.0000 0.0000  0.0000 0.0000 0.0000 0.0000 0.0000 0.0000
2023 2 1 0 0.0000 103.8300 0.0000 0.0000 0.0000 164.7592 164.7592 0.0000 0.0000  0.0000 0.0000 0.0000 0.0000 0.0000 0.0000
2023 2 2 0 0.0000 145.2800 0.0000 0.0000 0.0000 164.8277 164.8277 0.0000 0.0000  0.0000 0.0000 0.0000 0.0000 0.0000 0.0000
2023 2 3 0 0.0000 113.1000 0.0000 0.0000 0.0000 164.8966 164.8966 0.0000 0.0000  0.0000 0.0000 0.0000 0.0000 0.0000 0.0000
2023 2 4 0 0.0000 138.8200 0.0000 0.0000 0.0000 164.9552 164.9552 0.0000 0.0000  0.0000 0.0000 0.0000 0.0000 0.0000 0.0000
2023 2 5 0 0.0000 122.8300 0.0000 0.0000 0.0000 165.0069 165.0069 0.0000 0.0000  0.0000 0.0000 0.0000 0.0000 0.0000 0.0000
2023 2 6 0 0.0000 161.3800 0.0000 0.0000 0.0000 165.0552 165.0552 0.0000 0.0000  0.0000 0.0000 0.0000 0.0000 0.0000 0.0000
2023 2 7 0 0.0000 132.4500 0.0000 0.0000 0.0000 165.1004 165.1004 0.0000 0.0000  0.0000 0.0000 0.0000 0.0000 0.0000 0.0000
2023 2 8 0 0.0000 120.3300 0.0000 0.0000 0.0000 165.1435 165.1435 0.0000 0.0000  0.0000 0.0000 0.0000 0.0000 0.0000 0.0000
2023 2 9 0 0.0000 98.3400 0.0000 0.0000 0.0000 165.1887 165.1887 0.0000 0.0000  0.0000 0.0000 0.0000 0.0000 0.0000 0.0000
2023 2 10 0 0.0000 97.5400 0.0000 0.0000 0.0000 165.2387 165.2387 0.0000 0.0000  0.0000 0.0000 0.0000 0.0000 0.0000 0.0000
2023 2 11 0 0.0000 94.6300 0.0000 0.0000 0.0000 165.2921 165.2921 0.0000 0.0000  0.0000 0.0000 0.0000 0.0000 0.0000 0.0000
2023 2 12 0 0.0000 111.6200 0.0000 0.0000 0.0000 165.3490 165.3490 0.0000 0.0000  0.0000 0.0000 0.0000 0.0000 0.0000 0.0000
2023 2 13 0 0.0000 115.7800 0.0000 0.0000 0.0000 165.4076 165.4076 0.0000 0.0000  0.0000 0.0000 0.0000 0.0000 0.0000 0.0000
2023 2 14 0 0.0000 140.8300 0.0000 0.0000 0.0000 165.4658 165.4658 0.0000 0.0000  0.0000 0.0000 0.0000 0.0000 0.0000 0.0000
2023 2 15 0 0.0000 122.5300 0.0000 0.0000 0.0000 165.5192 165.5192 0.0000 0.0000  0.0000 0.0000 0.0000 0.0000 0.0000 0.0000
2023 2 16 0 0.0000 120.9800 0.0000 0.0000 0.0000 165.5661 165.5661 0.0000 0.0000  0.0000 0.0000 0.0000 0.0000 0.0000 0.0000
2023 2 17 0 0.0000 92.1200 0.0000 0.0000 0.0000 165.6152 165.6152 0.0000 0.0000  0.0000 0.0000 0.0000 0.0000 0.0000 0.0000
2023 2 18 0 0.0000 97.8800 0.0000 0.0000 0.0000 165.6708 165.6708 0.0000 0.0000  0.0000 0.0000 0.0000 0.0000 0.0000 0.0000
2023 2 19 0 0.0000 107.6300 0.0000 0.0000 0.0000 165.7303 165.7303 0.0000 0.0000  0.0000 0.0000 0.0000 0.0000 0.0000 0.0000
2023 2 20 0 0.0000 77.5600 0.0000 0.0000 0.0000 165.7936 165.7936 0.0000 0.0000  0.0000 0.0000 0.0000 0.0000 0.0000 0.0000
2023 2 21 0 0.0000 106.7100 0.0000 0.0000 0.0000 165.8612 165.8612 0.0000 0.0000  0.0000 0.0000 0.0000 0.0000 0.0000 0.0000
2023 2 22 0 0.0000 118.3800 0.0000 0.0000 0.0000 165.9267 165.9267 0.0000 0.0000  0.0000 0.0000 0.0000 0.0000 0.0000 0.0000
2023 2 23 0 0.0000 116.1600 0.0000 0.0000 0.0000 165.9892 165.9892 0.0000 0.0000  0.0000 0.0000 0.0000 0.0000 0.0000 0.0000
2023 2 24 0 0.0000 103.8000 0.0000 0.0000 0.0000 166.0530 166.0530 0.0000 0.0000  0.0000 0.0000 0.0000 0.0000 0.0000 0.0000
2023 2 25 0 0.0000 97.6000 0.0000 0.0000 0.0000 166.1227 166.1227 0.0000 0.0000  0.0000 0.0000 0.0000 0.0000 0.0000 0.0000
2023 2 26 0 0.0000 111.9200 0.0000 0.0000 0.0000 166.2106 166.2106 0.0000 0.0000  0.0000 0.0000 0.0000 0.0000 0.0000 0.0000
2023 2 27 0 0.0000 124.5700 0.0000 0.0000 0.0000 166.3166 166.3166 0.0000 0.0000  0.0000 0.0000 0.0000 0.0000 0.0000 0.0000
2023 2 28 0 0.0000 124.0900 0.0000 0.0000 0.0000 166.4204 166.4204 0.0000 0.0000  0.0000 0.0000 0.0000 0.0000 0.0000 0.0000
2023 3 1 0 0.0000 130.8400 0.0000 0.0000 0.0000 166.5109 166.5109 0.0000 0.0000  0.0000 0.0000 0.0000 0.0000 0.0000 0.0000
2023 3 2 0 0.0000 120.4000 0.0000 0.0000 0.0000 166.5923 166.5923 0.0000 0.0000  0.0000 0.0000 0.0000 0.0000 0.0000 0.0000
2023 3 3 0 0.0000 115.5800 0.0000 0.0000 0.0000 166.6660 166.6660 0.0000 0.0000  0.0000 0.0000 0.0000 0.0000 0.0000 0.0000
2023 3 4 0 0.0000 112.2200 0.0000 0.0000 0.0000 166.7345 166.7345 0.0000 0.0000  0.0000 0.0000 0.0000 0.0000 0.0000 0.0000
2023 3 5 0 0.0000 129.9600 0.0000 0.0000 0.0000 166.8026 166.8026 0.0000 0.0000  0.0000 0.0000 0.0000 0.0000 0.0000 0.0000
2023 3 6 0 0.0000 153.1300 0.0000 0.0000 0.0000 166.8642 166.8642 0.0000 0.0000  0.0000 0.0000 0.0000 0.0000 0.0000 0.0000
2023 3 7 0 0.0000 116.0800 0.0000 0.0000 0.0000 166.9120 166.9120 0.0000 0.0000  0.0000 0.0000 0.0000 0.0000 0.0000 0.0000
2023 3 8 0 0.0000 150.8300 0.0000 0.0000 0.0000 166.9538 166.9538 0.0000 0.0000  0.0000 0.0000 0.0000 0.0000 0.0000 0.0000
2023 3 9 0 0.0000 138.5100 0.0000 0.0000 0.0000 166.9934 166.9934 0.0000 0.0000  0.0000 0.0000 0.0000 0.0000 0.0000 0.0000
2023 3 10 0 0.0000 127.3700 0.0000 0.0000 0.0000 167.0288 167.0288 0.0000 0.0000  0.0000 0.0000 0.0000 0.0000 0.0000 0.0000
2023 3 11 0 0.0000 110.5300 0.0000 0.0000 0.0000 167.0611 167.0611 0.0000 0.0000  0.0000 0.0000 0.0000 0.0000 0.0000 0.0000
2023 3 12 0 0.0000 106.8200 0.0000 0.0000 0.0000 167.0934 167.0934 0.0000 0.0000  0.0000 0.0000 0.0000 0.0000 0.0000 0.0000
2023 3 13 0 0.0000 94.6800 0.0000 0.0000 0.0000 167.1270 167.1270 0.0000 0.0000  0.0000 0.0000 0.0000 0.0000 0.0000 0.0000
2023 3 14 0 0.0000 102.8300 0.0000 0.0000 0.0000 167.1606 167.1606 0.0000 0.0000  0.0000 0.0000 0.0000 0.0000 0.0000 0.0000
2023 3 15 0 0.0000 121.6400 0.0000 0.0000 0.0000 167.1929 167.1929 0.0000 0.0000  0.0000 0.0000 0.0000 0.0000 0.0000 0.0000
2023 3 16 0 0.0000 112.8100 0.0000 0.0000 0.0000 167.2231 167.2231 0.0000 0.0000  0.0000 0.0000 0.0000 0.0000 0.0000 0.0000
2023 3 17 0 0.0000 104.1500 0.0000 0.0000 0.0000 167.2536 167.2536 0.0000 0.0000  0.0000 0.0000 0.0000 0.0000 0.0000 0.0000
2023 3 18 0 0.0000 109.0000 0.0000 0.0000 0.0000 167.2890 167.2890 0.0000 0.0000  0.0000 0.0000 0.0000 0.0000 0.0000 0.0000
2023 3 19 0 0.0000 110.0900 0.0000 0.0000 0.0000 167.3273 167.3273 0.0000 0.0000  0.0000 0.0000 0.0000 0.0000 0.0000 0.0000
2023 3 20 0 0.0000 116.7600 0.0000 0.0000 0.0000 167.3674 167.3674 0.0000 0.0000  0.0000 0.0000 0.0000 0.0000 0.0000 0.0000
2023 3 21 0 0.0000 111.3100 0.0000 0.0000 0.0000 167.4100 167.4100 0.0000 0.0000  0.0000 0.0000 0.0000 0.0000 0.0000 0.0000
2023 3 22 0 0.0000 92.3600 0.0000 0.0000 0.0000 167.4531 167.4531 0.0000 0.0000  0.0000 0.0000 0.0000 0.0000 0.0000 0.0000
2023 3 23 0 0.0000 86.1100 0.0000 0.0000 0.0000 167.4992 167.4992 0.0000 0.0000  0.0000 0.0000 0.0000 0.0000 0.0000 0.0000
2023 3 24 0 0.0000 83.8300 0.0000 0.0000 0.0000 167.5552 167.5552 0.0000 0.0000  0.0000 0.0000 0.0000 0.0000 0.0000 0.0000
2023 3 25 0 0.0000 73.3600 0.0000 0.0000 0.0000 167.6250 167.6250 0.0000 0.0000  0.0000 0.0000 0.0000 0.0000 0.0000 0.0000
2023 3 26 0 0.0000 92.4600 0.0000 0.0000 0.0000 167.7038 167.7038 0.0000 0.0000  0.0000 0.0000 0.0000 0.0000 0.0000 0.0000
2023 3 27 0 0.0000 100.9400 0.0000 0.0000 0.0000 167.7866 167.7866 0.0000 0.0000  0.0000 0.0000 0.0000 0.0000 0.0000 0.0000
2023 3 28 0 0.0000 123.8500 0.0000 0.0000 0.0000 167.8714 167.8714 0.0000 0.0000  0.0000 0.0000 0.0000 0.0000 0.0000 0.0000
2023 3 29 0 0.0000 127.0200 0.0000 0.0000 0.0000 167.9494 167.9494 0.0000 0.0000  0.0000 0.0000 0.0000 0.0000 0.0000 0.0000
2023 3 30 0 0.0000 103.7800 0.0000 0.0000 0.0000 167.9924 167.9924 0.0000 0.0000  0.0000 0.0000 0.0000 0.0000 0.0000 0.0000
2023 3 31 0 0.0000 111.8200 0.0000 0.0000 0.0000 168.0000 168.0000 0.0000 0.0000  0.0000 0.0000 0.0000 0.0000 0.0000 0.0000
2023 4 1 0 0.0000 97.9300 0.0000 0.0000 0.0000 168.0000 168.0000 0.0000 0.0000  0.0000 0.0000 0.0000 0.0000 0.0000 0.0000
2023 4 2 0 0.0000 105.1000 0.0000 0.0000 0.0000 168.0000 168.0000 0.0000 0.0000  0.0000 0.0000 0.0000 0.0000 0.0000 0.0000
2023 4 3 0 0.0000 126.4800 0.0000 0.0000 0.0000 168.0000 168.0000 0.0000 0.0000  0.0000 0.0000 0.0000 0.0000 0.0000 0.0000
2023 4 4 0 0.0000 133.1300 0.0000 0.0000 0.0000 168.0000 168.0000 0.0000 0.0000  0.0000 0.0000 0.0000 0.0000 0.0000 0.0000
2023 4 5 0 0.0000 130.9100 0.0000 0.0000 0.0000 168.0000 168.0000 0.0000 0.0000  0.0000 0.0000 0.0000 0.0000 0.0000 0.0000
2023 4 6 0 0.0000 125.8900 0.0000 0.0000 0.0000 168.0000 168.0000 0.0000 0.0000  0.0000 0.0000 0.0000 0.0000 0.0000 0.0000
2023 4 7 0 0.0000 117.9200 0.0000 0.0000 0.0000 168.0000 168.0000 0.0000 0.0000  0.0000 0.0000 0.0000 0.0000 0.0000 0.0000
2023 4 8 0 0.0000 120.6500 0.0000 0.0000 0.0000 168.0000 168.0000 0.0000 0.0000  0.0000 0.0000 0.0000 0.0000 0.0000 0.0000
2023 4 9 0 0.0000 110.2100 0.0000 0.0000 0.0000 168.0000 168.0000 0.0000 0.0000  0.0000 0.0000 0.0000 0.0000 0.0000 0.0000
2023 4 10 0 0.0000 54.3700 0.0000 0.0000 0.0000 168.0000 168.0000 0.0000 0.0000  0.0000 0.0000 0.0000 0.0000 0.0000 0.0000
2023 4 11 0 0.4200 84.4600 0.0700 0.4200 0.0000 167.9744 168.0000 5.5791 0.1537  471.2102 1.0000 1.0000 0.0000 0.0000 470.2102
2023 4 12 0 4.8000 111.9800 0.8000 4.8000 0.0000 164.6165 167.9573 161.1895 0.3887  18049.9978 0.0000 0.0000 0.0000 0.0000 18049.9978
2023 4 13 0 4.8000 107.2100 0.8000 4.8000 0.0000 164.4578 167.7986 161.0341 0.3883  17264.4702 0.0000 0.0000 0.0000 0.0000 17264.4702
2023 4 14 0 4.8000 118.9300 0.8000 4.8000 0.0000 164.2403 167.5811 160.8211 0.3878  19126.4545 0.0000 0.0000 0.0000 0.0000 19126.4545
2023 4 15 0 4.8000 111.6600 0.8000 4.8000 0.0000 164.0330 167.3738 160.6182 0.3873  17934.6288 0.0000 0.0000 0.0000 0.0000 17934.6288
2023 4 16 0 4.8000 115.1500 0.8000 4.8000 0.0000 163.8219 167.1627 160.4115 0.3868  18471.3838 0.0000 0.0000 0.0000 0.0000 18471.3838
2023 4 17 0 4.8000 125.4800 0.8000 4.8000 0.0000 163.6169 166.9577 160.2107 0.3863  20103.2385 0.0000 0.0000 0.0000 0.0000 20103.2385
2023 4 18 0 4.8000 114.7600 0.8000 4.8000 0.0000 163.4252 166.7660 160.0230 0.3859  18364.2367 0.0000 0.0000 0.0000 0.0000 18364.2367
2023 4 19 0 4.8000 108.7500 0.8000 4.8000 0.0000 163.2481 166.5889 159.8496 0.3854  17383.6433 0.0000 0.0000 0.0000 0.0000 17383.6433
2023 4 20 0 4.8000 111.1600 0.8000 4.8000 0.0000 163.0934 166.4342 159.6982 0.3851  17752.0470 0.0000 0.0000 0.0000 0.0000 17752.0470
2023 4 21 0 4.8000 107.9900 0.8000 4.8000 0.0000 162.9754 166.3162 159.5826 0.3848  17233.3207 0.0000 0.0000 0.0000 0.0000 17233.3207
2023 4 22 0 4.8000 98.4000 0.8000 4.8000 0.0000 162.9013 166.2421 159.5100 0.3846  15695.7848 0.0000 0.0000 0.0000 0.0000 15695.7848
2023 4 23 0 4.8000 97.8600 0.8000 4.8000 0.0000 162.8931 166.2339 159.5020 0.3846  15608.8649 0.0000 0.0000 0.0000 0.0000 15608.8649
2023 4 24 0 4.8000 116.5300 0.8000 4.8000 0.0000 162.9289 166.2697 159.5370 0.3847  18590.8469 0.0000 0.0000 0.0000 0.0000 18590.8469
2023 4 25 0 4.8000 104.4700 0.8000 4.8000 0.0000 162.9435 166.2843 159.5513 0.3847  16668.3294 0.0000 0.0000 0.0000 0.0000 16668.3294
2023 4 26 0 4.8000 114.3700 0.8000 4.8000 0.0000 162.9077 166.2485 159.5163 0.3846  18243.8835 0.0000 0.0000 0.0000 0.0000 18243.8835
2023 4 27 0 4.8000 123.3800 0.8000 4.8000 0.0000 162.8130 166.1538 159.4235 0.3844  19669.6744 0.0000 0.0000 0.0000 0.0000 19669.6744
2023 4 28 0 4.8000 121.7100 0.8000 4.8000 0.0000 162.6695 166.0103 159.2831 0.3841  19386.3401 0.0000 0.0000 0.0000 0.0000 19386.3401
2023 4 29 0 4.8000 112.7000 0.8000 4.8000 0.0000 162.4972 165.8380 159.1143 0.3837  17932.1826 0.0000 0.0000 0.0000 0.0000 17932.1826
2023 4 30 0 4.8000 99.7900 0.8000 4.8000 0.0000 162.3076 165.6484 158.9287 0.3832  15859.4951 0.0000 0.0000 0.0000 0.0000 15859.4951
2023 5 1 0 4.8000 106.3400 0.8000 4.8000 0.0000 162.1077 165.4485 158.7330 0.3827  16879.6627 0.0000 0.0000 0.0000 0.0000 16879.6627
2023 5 2 0 4.8000 121.7900 0.8000 4.8000 0.0000 161.9078 165.2486 158.5372 0.3823  19308.2488 0.0000 0.0000 0.0000 0.0000 19308.2488
2023 5 3 0 4.8000 118.1800 0.8000 4.8000 0.0000 161.7170 165.0578 158.3503 0.3818  18713.8440 0.0000 0.0000 0.0000 0.0000 18713.8440
2023 5 4 0 4.8000 112.1600 0.8000 4.8000 0.0000 161.5343 164.8751 158.1715 0.3814  17740.5142 0.0000 0.0000 0.0000 0.0000 17740.5142
2023 5 5 0 4.8000 97.5700 0.8000 4.8000 0.0000 161.3482 164.6890 157.9892 0.3810  15415.0106 0.0000 0.0000 0.0000 0.0000 15415.0106
2023 5 6 0 4.8000 94.9300 0.8000 4.8000 0.0000 161.1474 164.4882 157.7927 0.3805  14979.2577 0.0000 0.0000 0.0000 0.0000 14979.2577
2023 5 7 0 4.8000 88.0500 0.8000 4.8000 0.0000 160.9346 164.2754 157.5843 0.3800  13875.2956 0.0000 0.0000 0.0000 0.0000 13875.2956
2023 5 8 0 4.8000 102.0400 0.8000 4.8000 0.0000 160.7270 164.0678 157.3809 0.3795  16059.1514 0.0000 0.0000 0.0000 0.0000 16059.1514
2023 5 9 0 4.8000 96.1600 0.8000 4.8000 0.0000 160.5663 163.9071 157.2236 0.3791  15118.6212 0.0000 0.0000 0.0000 0.0000 15118.6212
2023 5 10 0 4.8000 94.0200 0.8000 4.8000 0.0000 160.5456 163.8864 157.2033 0.3791  14780.2578 0.0000 0.0000 0.0000 0.0000 14780.2578
2023 5 11 0 1.3800 101.3600 0.2300 1.3800 0.0000 163.8786 164.1548 41.9430 0.3518  4251.3434 0.0000 0.0000 0.0000 0.0000 4251.3434
2023 5 12 0 0.0000 91.5000 0.0000 0.0000 0.0000 164.7239 164.7239 0.0000 0.0000  0.0000 1.0000 1.0000 0.0000 0.0000 -1.0000
2023 5 13 0 0.0000 74.6100 0.0000 0.0000 0.0000 165.4313 165.4313 0.0000 0.0000  0.0000 0.0000 0.0000 0.0000 0.0000 0.0000
2023 5 14 0 0.0000 72.7500 0.0000 0.0000 0.0000 166.1594 166.1594 0.0000 0.0000  0.0000 0.0000 0.0000 0.0000 0.0000 0.0000
2023 5 15 0 0.0000 94.8900 0.0000 0.0000 0.0000 166.9348 166.9348 0.0000 0.0000  0.0000 0.0000 0.0000 0.0000 0.0000 0.0000
2023 5 16 0 0.0000 63.0700 0.0000 0.0000 0.0000 167.6742 167.6742 0.0000 0.0000  0.0000 0.0000 0.0000 0.0000 0.0000 0.0000
2023 5 17 0 0.0000 54.3000 0.0000 0.0000 0.0000 168.0000 168.0000 0.0000 0.0000  0.0000 0.0000 0.0000 0.0000 0.0000 0.0000
2023 5 18 0 0.0000 88.1100 0.0000 0.0000 0.0000 168.0000 168.0000 0.0000 0.0000  0.0000 0.0000 0.0000 0.0000 0.0000 0.0000
2023 5 19 0 0.0000 92.9400 0.0000 0.0000 0.0000 168.0000 168.0000 0.0000 0.0000  0.0000 0.0000 0.0000 0.0000 0.0000 0.0000
2023 5 20 0 0.0000 52.6300 0.0000 0.0000 0.0000 168.0000 168.0000 0.0000 0.0000  0.0000 0.0000 0.0000 0.0000 0.0000 0.0000
2023 5 21 0 0.0000 37.1300 0.0000 0.0000 0.0000 168.0000 168.0000 0.0000 0.0000  0.0000 0.0000 0.0000 0.0000 0.0000 0.0000
2023 5 22 0 0.0000 84.4700 0.0000 0.0000 0.0000 168.0000 168.0000 0.0000 0.0000  0.0000 0.0000 0.0000 0.0000 0.0000 0.0000
2023 5 23 0 0.0000 63.0000 0.0000 0.0000 0.0000 168.0000 168.0000 0.0000 0.0000  0.0000 0.0000 0.0000 0.0000 0.0000 0.0000
2023 5 24 0 0.0000 82.4800 0.0000 0.0000 0.0000 168.0000 168.0000 0.0000 0.0000  0.0000 0.0000 0.0000 0.0000 0.0000 0.0000
2023 5 25 0 0.0000 57.6600 0.0000 0.0000 0.0000 168.0000 168.0000 0.0000 0.0000  0.0000 0.0000 0.0000 0.0000 0.0000 0.0000
2023 5 26 0 0.0000 61.9200 0.0000 0.0000 0.0000 168.0000 168.0000 0.0000 0.0000  0.0000 0.0000 0.0000 0.0000 0.0000 0.0000
2023 5 27 0 0.0000 61.7400 0.0000 0.0000 0.0000 168.0000 168.0000 0.0000 0.0000  0.0000 0.0000 0.0000 0.0000 0.0000 0.0000
2023 5 28 0 0.0000 48.1500 0.0000 0.0000 0.0000 168.0000 168.0000 0.0000 0.0000  0.0000 0.0000 0.0000 0.0000 0.0000 0.0000
2023 5 29 0 0.0000 41.9900 0.0000 0.0000 0.0000 168.0000 168.0000 0.0000 0.0000  0.0000 0.0000 0.0000 0.0000 0.0000 0.0000
2023 5 30 0 0.0000 85.7800 0.0000 0.0000 0.0000 168.0000 168.0000 0.0000 0.0000  0.0000 0.0000 0.0000 0.0000 0.0000 0.0000
2023 5 31 0 0.0000 60.1500 0.0000 0.0000 0.0000 168.0000 168.0000 0.0000 0.0000  0.0000 0.0000 0.0000 0.0000 0.0000 0.0000
2023 6 1 0 0.0000 67.1300 0.0000 0.0000 0.0000 168.0000 168.0000 0.0000 0.0000  0.0000 0.0000 0.0000 0.0000 0.0000 0.0000
2023 6 2 0 0.0000 80.9600 0.0000 0.0000 0.0000 168.0000 168.0000 0.0000 0.0000  0.0000 0.0000 0.0000 0.0000 0.0000 0.0000
2023 6 3 0 0.0000 62.3200 0.0000 0.0000 0.0000 168.0000 168.0000 0.0000 0.0000  0.0000 0.0000 0.0000 0.0000 0.0000 0.0000
2023 6 4 0 0.0000 61.2100 0.0000 0.0000 0.0000 168.0000 168.0000 0.0000 0.0000  0.0000 0.0000 0.0000 0.0000 0.0000 0.0000
2023 6 5 0 0.0000 87.8500 0.0000 0.0000 0.0000 168.0000 168.0000 0.0000 0.0000  0.0000 0.0000 0.0000 0.0000 0.0000 0.0000
2023 6 6 0 0.0000 90.1800 0.0000 0.0000 0.0000 168.0000 168.0000 0.0000 0.0000  0.0000 0.0000 0.0000 0.0000 0.0000 0.0000
2023 6 7 0 0.0000 96.7800 0.0000 0.0000 0.0000 168.0000 168.0000 0.0000 0.0000  0.0000 0.0000 0.0000 0.0000 0.0000 0.0000
2023 6 8 0 0.0000 89.0900 0.0000 0.0000 0.0000 168.0000 168.0000 0.0000 0.0000  0.0000 0.0000 0.0000 0.0000 0.0000 0.0000
2023 6 9 0 0.0000 88.9200 0.0000 0.0000 0.0000 168.0000 168.0000 0.0000 0.0000  0.0000 0.0000 0.0000 0.0000 0.0000 0.0000
2023 6 10 0 0.0000 61.8300 0.0000 0.0000 0.0000 168.0000 168.0000 0.0000 0.0000  0.0000 0.0000 0.0000 0.0000 0.0000 0.0000
2023 6 11 0 0.0000 47.6500 0.0000 0.0000 0.0000 168.0000 168.0000 0.0000 0.0000  0.0000 0.0000 0.0000 0.0000 0.0000 0.0000
2023 6 12 0 0.0000 88.7900 0.0000 0.0000 0.0000 168.0000 168.0000 0.0000 0.0000  0.0000 0.0000 0.0000 0.0000 0.0000 0.0000
2023 6 13 0 0.0000 99.0700 0.0000 0.0000 0.0000 168.0000 168.0000 0.0000 0.0000  0.0000 0.0000 0.0000 0.0000 0.0000 0.0000
2023 6 14 0 0.0000 105.6600 0.0000 0.0000 0.0000 168.0000 168.0000 0.0000 0.0000  0.0000 0.0000 0.0000 0.0000 0.0000 0.0000
2023 6 15 0 0.0000 116.5000 0.0000 0.0000 0.0000 168.0000 168.0000 0.0000 0.0000  0.0000 0.0000 0.0000 0.0000 0.0000 0.0000
2023 6 16 0 0.0000 123.1200 0.0000 0.0000 0.0000 168.0000 168.0000 0.0000 0.0000  0.0000 0.0000 0.0000 0.0000 0.0000 0.0000
2023 6 17 0 0.0000 107.5100 0.0000 0.0000 0.0000 168.0000 168.0000 0.0000 0.0000  0.0000 0.0000 0.0000 0.0000 0.0000 0.0000
2023 6 18 0 0.0000 102.7200 0.0000 0.0000 0.0000 168.0000 168.0000 0.0000 0.0000  0.0000 0.0000 0.0000 0.0000 0.0000 0.0000
2023 6 19 0 0.0000 116.7200 0.0000 0.0000 0.0000 168.0000 168.0000 0.0000 0.0000  0.0000 0.0000 0.0000 0.0000 0.0000 0.0000
2023 6 20 0 0.0000 131.3100 0.0000 0.0000 0.0000 168.0000 168.0000 0.0000 0.0000  0.0000 0.0000 0.0000 0.0000 0.0000 0.0000
2023 6 21 0 0.0000 131.9100 0.0000 0.0000 0.0000 168.0000 168.0000 0.0000 0.0000  0.0000 0.0000 0.0000 0.0000 0.0000 0.0000
2023 6 22 0 0.0000 129.3300 0.0000 0.0000 0.0000 168.0000 168.0000 0.0000 0.0000  0.0000 0.0000 0.0000 0.0000 0.0000 0.0000
2023 6 23 0 0.0000 112.7300 0.0000 0.0000 0.0000 168.0000 168.0000 0.0000 0.0000  0.0000 0.0000 0.0000 0.0000 0.0000 0.0000
2023 6 24 0 0.0000 91.6000 0.0000 0.0000 0.0000 168.0000 168.0000 0.0000 0.0000  0.0000 0.0000 0.0000 0.0000 0.0000 0.0000
2023 6 25 0 0.0000 78.9200 0.0000 0.0000 0.0000 168.0000 168.0000 0.0000 0.0000  0.0000 0.0000 0.0000 0.0000 0.0000 0.0000
2023 6 26 0 0.0000 97.3600 0.0000 0.0000 0.0000 168.0000 168.0000 0.0000 0.0000  0.0000 0.0000 0.0000 0.0000 0.0000 0.0000
2023 6 27 0 0.0000 97.1000 0.0000 0.0000 0.0000 168.0000 168.0000 0.0000 0.0000  0.0000 0.0000 0.0000 0.0000 0.0000 0.0000
2023 6 28 0 0.0000 110.3800 0.0000 0.0000 0.0000 168.0000 168.0000 0.0000 0.0000  0.0000 0.0000 0.0000 0.0000 0.0000 0.0000
2023 6 29 0 0.0000 115.5800 0.0000 0.0000 0.0000 168.0000 168.0000 0.0000 0.0000  0.0000 0.0000 0.0000 0.0000 0.0000 0.0000
2023 6 30 0 0.0000 106.1600 0.0000 0.0000 0.0000 168.0000 168.0000 0.0000 0.0000  0.0000 0.0000 0.0000 0.0000 0.0000 0.0000
2023 7 1 0 0.0000 61.0800 0.0000 0.0000 0.0000 168.0000 168.0000 0.0000 0.0000  0.0000 0.0000 0.0000 0.0000 0.0000 0.0000
2023 7 2 0 0.0000 15.9100 0.0000 0.0000 0.0000 168.0000 168.0000 0.0000 0.0000  0.0000 0.0000 0.0000 0.0000 0.0000 0.0000
2023 7 3 0 0.0000 50.3200 0.0000 0.0000 0.0000 168.0000 168.0000 0.0000 0.0000  0.0000 0.0000 0.0000 0.0000 0.0000 0.0000
2023 7 4 0 0.0000 83.2500 0.0000 0.0000 0.0000 168.0000 168.0000 0.0000 0.0000  0.0000 0.0000 0.0000 0.0000 0.0000 0.0000
2023 7 5 0 0.0000 80.5300 0.0000 0.0000 0.0000 168.0000 168.0000 0.0000 0.0000  0.0000 0.0000 0.0000 0.0000 0.0000 0.0000
2023 7 6 0 0.0000 96.7500 0.0000 0.0000 0.0000 168.0000 168.0000 0.0000 0.0000  0.0000 0.0000 0.0000 0.0000 0.0000 0.0000
2023 7 7 0 0.0000 101.0400 0.0000 0.0000 0.0000 168.0000 168.0000 0.0000 0.0000  0.0000 0.0000 0.0000 0.0000 0.0000 0.0000
2023 7 8 0 0.0000 87.4600 0.0000 0.0000 0.0000 168.0000 168.0000 0.0000 0.0000  0.0000 0.0000 0.0000 0.0000 0.0000 0.0000
2023 7 9 0 0.0000 94.0500 0.0000 0.0000 0.0000 168.0000 168.0000 0.0000 0.0000  0.0000 0.0000 0.0000 0.0000 0.0000 0.0000
2023 7 10 0 0.0000 98.2100 0.0000 0.0000 0.0000 168.0000 168.0000 0.0000 0.0000  0.0000 0.0000 0.0000 0.0000 0.0000 0.0000
2023 7 11 0 0.0000 89.8900 0.0000 0.0000 0.0000 168.0000 168.0000 0.0000 0.0000  0.0000 0.0000 0.0000 0.0000 0.0000 0.0000
2023 7 12 0 0.0000 76.6900 0.0000 0.0000 0.0000 168.0000 168.0000 0.0000 0.0000  0.0000 0.0000 0.0000 0.0000 0.0000 0.0000
2023 7 13 0 0.0000 83.4900 0.0000 0.0000 0.0000 168.0000 168.0000 0.0000 0.0000  0.0000 0.0000 0.0000 0.0000 0.0000 0.0000
2023 7 14 0 0.0000 85.4800 0.0000 0.0000 0.0000 168.0000 168.0000 0.0000 0.0000  0.0000 0.0000 0.0000 0.0000 0.0000 0.0000
2023 7 15 0 0.0000 33.3300 0.0000 0.0000 0.0000 168.0000 168.0000 0.0000 0.0000  0.0000 0.0000 0.0000 0.0000 0.0000 0.0000
2023 7 16 0 0.0000 17.8600 0.0000 0.0000 0.0000 168.0000 168.0000 0.0000 0.0000  0.0000 0.0000 0.0000 0.0000 0.0000 0.0000
2023 7 17 0 0.0000 30.5600 0.0000 0.0000 0.0000 168.0000 168.0000 0.0000 0.0000  0.0000 0.0000 0.0000 0.0000 0.0000 0.0000
2023 7 18 0 0.0000 64.7000 0.0000 0.0000 0.0000 168.0000 168.0000 0.0000 0.0000  0.0000 0.0000 0.0000 0.0000 0.0000 0.0000
2023 7 19 0 4.8000 77.7600 0.8000 4.8000 0.0000 164.6005 167.9413 161.1738 0.3886  12532.8787 1.0000 1.0000 0.0000 0.0000 12531.8787
2023 7 20 0 4.8000 64.6700 0.8000 4.8000 0.0000 164.3910 167.7318 160.9687 0.3881  10409.8467 0.0000 0.0000 0.0000 0.0000 10409.8467
2023 7 21 0 4.8000 83.1300 0.8000 4.8000 0.0000 164.0808 167.4216 160.6650 0.3874  13356.0800 0.0000 0.0000 0.0000 0.0000 13356.0800
2023 7 22 0 4.8000 75.6300 0.8000 4.8000 0.0000 163.7560 167.0968 160.3469 0.3866  12127.0367 0.0000 0.0000 0.0000 0.0000 12127.0367
2023 7 23 0 4.8000 33.2000 0.8000 4.8000 0.0000 163.4243 166.7651 160.0221 0.3859  5312.7336 0.0000 0.0000 0.0000 0.0000 5312.7336
2023 7 24 0 4.8000 69.9000 0.8000 4.8000 0.0000 163.0869 166.4277 159.6918 0.3851  11162.4560 0.0000 0.0000 0.0000 0.0000 11162.4560
2023 7 25 0 4.8000 60.2500 0.8000 4.8000 0.0000 162.7397 166.0805 159.3518 0.3842  9600.9445 0.0000 0.0000 0.0000 0.0000 9600.9445
2023 7 26 0 4.8000 69.5200 0.8000 4.8000 0.0000 162.3843 165.7251 159.0038 0.3834  11053.9403 0.0000 0.0000 0.0000 0.0000 11053.9403
2023 7 27 0 4.8000 87.3400 0.8000 4.8000 0.0000 162.0228 165.3636 158.6498 0.3825  13856.4748 0.0000 0.0000 0.0000 0.0000 13856.4748
2023 7 28 0 4.8000 86.7600 0.8000 4.8000 0.0000 161.6558 164.9966 158.2904 0.3817  13733.2761 0.0000 0.0000 0.0000 0.0000 13733.2761
2023 7 29 0 4.8000 74.6100 0.8000 4.8000 0.0000 161.2844 164.6252 157.9268 0.3808  11782.9167 0.0000 0.0000 0.0000 0.0000 11782.9167
2023 7 30 0 4.8000 39.5200 0.8000 4.8000 0.0000 160.9135 164.2543 157.5636 0.3799  6226.9121 0.0000 0.0000 0.0000 0.0000 6226.9121
2023 7 31 0 4.8000 69.3300 0.8000 4.8000 0.0000 160.5649 163.9057 157.2223 0.3791  10900.2216 0.0000 0.0000 0.0000 0.0000 10900.2216
2023 8 1 0 0.0000 73.8700 0.0000 0.0000 0.0000 163.7743 163.7743 0.0000 0.0000  0.0000 1.0000 1.0000 0.0000 0.0000 -1.0000
2023 8 2 0 0.0000 64.7500 0.0000 0.0000 0.0000 163.8299 163.8299 0.0000 0.0000  0.0000 0.0000 0.0000 0.0000 0.0000 0.0000
2023 8 3 0 0.0000 43.5500 0.0000 0.0000 0.0000 163.8713 163.8713 0.0000 0.0000  0.0000 0.0000 0.0000 0.0000 0.0000 0.0000
2023 8 4 0 0.0000 62.1300 0.0000 0.0000 0.0000 163.9057 163.9057 0.0000 0.0000  0.0000 0.0000 0.0000 0.0000 0.0000 0.0000
2023 8 5 0 0.0000 76.9400 0.0000 0.0000 0.0000 163.9372 163.9372 0.0000 0.0000  0.0000 0.0000 0.0000 0.0000 0.0000 0.0000
2023 8 6 0 0.0000 57.5500 0.0000 0.0000 0.0000 163.9665 163.9665 0.0000 0.0000  0.0000 0.0000 0.0000 0.0000 0.0000 0.0000
2023 8 7 0 0.0000 16.8300 0.0000 0.0000 0.0000 163.9932 163.9932 0.0000 0.0000  0.0000 0.0000 0.0000 0.0000 0.0000 0.0000
2023 8 8 0 0.0000 0.0400 0.0000 0.0000 0.0000 164.0350 164.0350 0.0000 0.0000  0.0000 0.0000 0.0000 0.0000 0.0000 0.0000
2023 8 9 0 0.0000 14.7000 0.0000 0.0000 0.0000 164.1017 164.1017 0.0000 0.0000  0.0000 0.0000 0.0000 0.0000 0.0000 0.0000
2023 8 10 0 0.0000 51.2900 0.0000 0.0000 0.0000 164.1750 164.1750 0.0000 0.0000  0.0000 0.0000 0.0000 0.0000 0.0000 0.0000
2023 8 11 0 0.0000 72.3800 0.0000 0.0000 0.0000 164.2508 164.2508 0.0000 0.0000  0.0000 0.0000 0.0000 0.0000 0.0000 0.0000
2023 8 12 0 0.0000 69.7000 0.0000 0.0000 0.0000 164.3219 164.3219 0.0000 0.0000  0.0000 0.0000 0.0000 0.0000 0.0000 0.0000
2023 8 13 0 0.0000 63.1900 0.0000 0.0000 0.0000 164.3766 164.3766 0.0000 0.0000  0.0000 0.0000 0.0000 0.0000 0.0000 0.0000
2023 8 14 0 0.0000 85.9500 0.0000 0.0000 0.0000 164.4223 164.4223 0.0000 0.0000  0.0000 0.0000 0.0000 0.0000 0.0000 0.0000
2023 8 15 0 0.0000 82.7300 0.0000 0.0000 0.0000 164.4925 164.4925 0.0000 0.0000  0.0000 0.0000 0.0000 0.0000 0.0000 0.0000
2023 8 16 0 0.0000 93.5300 0.0000 0.0000 0.0000 164.6015 164.6015 0.0000 0.0000  0.0000 0.0000 0.0000 0.0000 0.0000 0.0000
2023 8 17 0 0.0000 92.9900 0.0000 0.0000 0.0000 164.7114 164.7114 0.0000 0.0000  0.0000 0.0000 0.0000 0.0000 0.0000 0.0000
2023 8 18 0 0.0000 84.3900 0.0000 0.0000 0.0000 164.8018 164.8018 0.0000 0.0000  0.0000 0.0000 0.0000 0.0000 0.0000 0.0000
2023 8 19 0 0.0000 48.8800 0.0000 0.0000 0.0000 164.8807 164.8807 0.0000 0.0000  0.0000 0.0000 0.0000 0.0000 0.0000 0.0000
2023 8 20 0 0.0000 75.6000 0.0000 0.0000 0.0000 164.9845 164.9845 0.0000 0.0000  0.0000 0.0000 0.0000 0.0000 0.0000 0.0000
2023 8 21 0 0.0000 88.4800 0.0000 0.0000 0.0000 165.1017 165.1017 0.0000 0.0000  0.0000 0.0000 0.0000 0.0000 0.0000 0.0000
2023 8 22 0 0.0000 92.0800 0.0000 0.0000 0.0000 165.1943 165.1943 0.0000 0.0000  0.0000 0.0000 0.0000 0.0000 0.0000 0.0000
2023 8 23 0 0.0000 99.5400 0.0000 0.0000 0.0000 165.2710 165.2710 0.0000 0.0000  0.0000 0.0000 0.0000 0.0000 0.0000 0.0000
2023 8 24 0 0.0000 99.6900 0.0000 0.0000 0.0000 165.3365 165.3365 0.0000 0.0000  0.0000 0.0000 0.0000 0.0000 0.0000 0.0000
2023 8 25 0 0.0000 93.1800 0.0000 0.0000 0.0000 165.4054 165.4054 0.0000 0.0000  0.0000 0.0000 0.0000 0.0000 0.0000 0.0000
2023 8 26 0 0.0000 87.9600 0.0000 0.0000 0.0000 165.5045 165.5045 0.0000 0.0000  0.0000 0.0000 0.0000 0.0000 0.0000 0.0000
2023 8 27 0 0.0000 89.4800 0.0000 0.0000 0.0000 165.6281 165.6281 0.0000 0.0000  0.0000 0.0000 0.0000 0.0000 0.0000 0.0000
2023 8 28 0 0.0000 91.8000 0.0000 0.0000 0.0000 165.7410 165.7410 0.0000 0.0000  0.0000 0.0000 0.0000 0.0000 0.0000 0.0000
2023 8 29 0 0.0000 95.0600 0.0000 0.0000 0.0000 165.8310 165.8310 0.0000 0.0000  0.0000 0.0000 0.0000 0.0000 0.0000 0.0000
2023 8 30 0 0.0000 99.5900 0.0000 0.0000 0.0000 165.9056 165.9056 0.0000 0.0000  0.0000 0.0000 0.0000 0.0000 0.0000 0.0000
2023 8 31 0 0.0000 97.2200 0.0000 0.0000 0.0000 165.9702 165.9702 0.0000 0.0000  0.0000 0.0000 0.0000 0.0000 0.0000 0.0000
