RESERVOIR node 9 KROKNESVATN
reservoir_init_fr= 0.69000  masl=413.037
Filling at HRW [Mm3] = 218.57000
Filling at LRW [Mm3] = 19.30000
Active reservoir capacity [Mm3] = 199.27000
yyyy mm dd hh [m3/s] [Euro/MWh] [fr] [m3/s] [Mm3] [masl] [fr] [Euro]         [m3/s]     [m3/s]    [m3/s]   [m3/s]    [m3/s] 
yyyy mm dd hh Inflow Price Action Up_Inflow Res_Mm3 Res_masl Res_fr lrw_cost tunnelflow hatchflow overflow auto_qmin tot_outflow
2022 9 1 0 0.6400 564.8800 0.0000 9.1660 155.5008 409.6207 0.6835 0.0000 24.8000 0.0000 0.0000 0.0000 24.8000 
2022 9 2 0 0.5800 425.8500 0.0000 9.8326 155.3991 409.5792 0.6830 0.0000 11.5900 0.0000 0.0000 0.0000 11.5900 
2022 9 3 0 0.5400 383.9200 0.0000 8.6433 155.3536 409.5607 0.6828 0.0000 9.7100 0.0000 0.0000 0.0000 9.7100 
2022 9 4 0 0.6700 310.1000 0.0000 7.7132 155.1816 409.4904 0.6819 0.0000 10.3740 0.0000 0.0000 0.0000 10.3740 
2022 9 5 0 0.6400 388.8400 0.0000 2.6561 154.6948 409.2918 0.6795 0.0000 8.9300 0.0000 0.0000 0.0000 8.9300 
2022 9 6 0 0.5900 414.3500 0.0000 0.3980 154.1192 409.0568 0.6766 0.0000 7.6500 0.0000 0.0000 0.0000 7.6500 
2022 9 7 0 0.5600 451.5300 0.0000 7.3599 154.1132 409.0544 0.6765 0.0000 7.9900 0.0000 0.0000 0.0000 7.9900 
2022 9 8 0 0.5200 426.5600 0.0000 9.3334 153.1596 408.6651 0.6717 0.0000 20.8900 0.0000 0.0000 0.0000 20.8900 
2022 9 9 0 0.4900 352.9300 0.0000 9.5145 152.0636 408.2178 0.6662 0.0000 22.6900 0.0000 0.0000 0.0000 22.6900 
2022 9 10 0 0.4600 410.9400 0.0000 9.5200 151.3801 407.9388 0.6628 0.0000 17.8900 0.0000 0.0000 0.0000 17.8900 
2022 9 11 0 0.4400 400.0100 0.0000 9.5200 151.3041 407.9078 0.6624 0.0000 10.8400 0.0000 0.0000 0.0000 10.8400 
2022 9 12 0 1.1700 407.9500 0.0000 9.5200 150.4876 407.5745 0.6583 0.0000 20.1400 0.0000 0.0000 0.0000 20.1400 
2022 9 13 0 4.6500 382.5800 0.0000 9.5200 150.1273 407.4275 0.6565 0.0000 18.3400 0.0000 0.0000 0.0000 18.3400 
2022 9 14 0 2.9100 425.5000 0.0000 9.5200 149.7982 407.2931 0.6549 0.0000 16.2400 0.0000 0.0000 0.0000 16.2400 
2022 9 15 0 2.2700 355.8200 0.0000 9.5200 149.9450 407.3531 0.6556 0.0000 10.0900 0.0000 0.0000 0.0000 10.0900 
2022 9 16 0 1.8500 329.3900 0.0000 9.5200 150.2241 407.4670 0.6570 0.0000 8.1400 0.0000 0.0000 0.0000 8.1400 
2022 9 17 0 1.4900 246.9600 0.0000 8.1566 150.0640 407.4016 0.6562 0.0000 11.5000 0.0000 0.0000 0.0000 11.5000 
2022 9 18 0 1.2100 117.5900 0.0000 10.0571 149.2965 407.0884 0.6524 0.0000 20.1500 0.0000 0.0000 0.0000 20.1500 
2022 9 19 0 1.0100 288.3300 0.0000 9.7341 149.2493 407.0691 0.6521 0.0000 11.2900 0.0000 0.0000 0.0000 11.2900 
2022 9 20 0 0.9200 380.8200 0.0000 9.5415 148.9185 406.9341 0.6505 0.0000 14.2900 0.0000 0.0000 0.0000 14.2900 
2022 9 21 0 0.8500 388.8300 0.0000 5.8235 148.6882 406.8401 0.6493 0.0000 9.3400 0.0000 0.0000 0.0000 9.3400 
2022 9 22 0 0.8000 378.9000 0.0000 4.8144 147.5239 406.3648 0.6435 0.0000 19.0900 0.0000 0.0000 0.0000 19.0900 
2022 9 23 0 0.8600 359.9800 0.0000 4.7228 147.1863 406.2271 0.6418 0.0000 9.4900 0.0000 0.0000 0.0000 9.4900 
2022 9 24 0 0.9300 350.7100 0.0000 4.7200 146.1676 405.8113 0.6367 0.0000 17.4400 0.0000 0.0000 0.0000 17.4400 
2022 9 25 0 0.9300 299.0800 0.0000 4.7200 144.8379 405.2685 0.6300 0.0000 21.0400 0.0000 0.0000 0.0000 21.0400 
2022 9 26 0 2.5800 259.4000 0.0000 4.7200 144.1822 405.0009 0.6267 0.0000 14.8900 0.0000 0.0000 0.0000 14.8900 
2022 9 27 0 5.0000 306.8900 0.0000 4.7200 143.1523 404.5805 0.6215 0.0000 21.6400 0.0000 0.0000 0.0000 21.6400 
2022 9 28 0 11.4500 308.5200 0.0000 4.7200 143.6517 404.7844 0.6240 0.0000 10.3900 0.0000 0.0000 0.0000 10.3900 
2022 9 29 0 8.0600 347.1000 0.0000 4.7200 143.3657 404.6676 0.6226 0.0000 16.0900 0.0000 0.0000 0.0000 16.0900 
2022 9 30 0 6.0900 278.9700 0.0000 4.7200 142.5077 404.3174 0.6183 0.0000 20.7400 0.0000 0.0000 0.0000 20.7400 
2022 10 1 0 13.2800 90.2400 0.0000 4.7200 143.2560 404.6228 0.6221 0.0000 9.3400 0.0000 0.0000 0.0000 9.3400 
2022 10 2 0 12.4800 182.7200 0.0000 4.7200 143.2611 404.6250 0.6221 0.0000 17.1400 0.0000 0.0000 0.0000 17.1400 
2022 10 3 0 9.1900 234.6000 0.0000 4.7200 142.9561 404.5005 0.6205 0.0000 17.4400 0.0000 0.0000 0.0000 17.4400 
2022 10 4 0 7.1400 199.0100 0.0000 4.7200 143.2257 404.6105 0.6219 0.0000 8.7400 0.0000 0.0000 0.0000 8.7400 
2022 10 5 0 6.8500 51.1100 0.0000 4.7200 143.3795 404.6733 0.6227 0.0000 9.7900 0.0000 0.0000 0.0000 9.7900 
2022 10 6 0 8.6000 23.8700 0.0000 4.7200 143.0624 404.5438 0.6211 0.0000 16.9900 0.0000 0.0000 0.0000 16.9900 
2022 10 7 0 9.6600 30.2900 0.0000 4.7200 142.8240 404.4465 0.6199 0.0000 17.1400 0.0000 0.0000 0.0000 17.1400 
2022 10 8 0 10.5800 53.3800 0.0000 4.7200 142.3151 404.2388 0.6173 0.0000 21.1900 0.0000 0.0000 0.0000 21.1900 
2022 10 9 0 8.3700 91.9400 0.0000 4.7200 141.5375 403.9214 0.6134 0.0000 22.0900 0.0000 0.0000 0.0000 22.0900 
2022 10 10 0 7.4100 137.7100 0.0000 4.7200 141.3379 403.8399 0.6124 0.0000 14.4400 0.0000 0.0000 0.0000 14.4400 
2022 10 11 0 7.3200 174.3200 0.0000 4.7200 141.5193 403.9140 0.6133 0.0000 9.9400 0.0000 0.0000 0.0000 9.9400 
2022 10 12 0 6.1200 199.9900 0.0000 4.7200 141.2472 403.8029 0.6120 0.0000 13.9900 0.0000 0.0000 0.0000 13.9900 
2022 10 13 0 5.7400 233.6000 0.0000 4.7200 141.1495 403.7631 0.6115 0.0000 11.5900 0.0000 0.0000 0.0000 11.5900 
2022 10 14 0 5.1400 217.2400 0.0000 4.7200 140.3520 403.4376 0.6075 0.0000 19.0900 0.0000 0.0000 0.0000 19.0900 
2022 10 15 0 9.4700 154.6600 0.0000 4.7200 140.4730 403.4869 0.6081 0.0000 12.7900 0.0000 0.0000 0.0000 12.7900 
2022 10 16 0 11.5600 113.2100 0.0000 4.7200 140.4635 403.4831 0.6080 0.0000 16.3900 0.0000 0.0000 0.0000 16.3900 
2022 10 17 0 11.0000 146.2200 0.0000 4.7200 140.5611 403.5229 0.6085 0.0000 14.5900 0.0000 0.0000 0.0000 14.5900 
2022 10 18 0 10.4500 163.8200 0.0000 4.7200 140.1317 403.3476 0.6064 0.0000 20.1400 0.0000 0.0000 0.0000 20.1400 
2022 10 19 0 9.0000 159.7000 0.0000 4.7200 140.4842 403.4915 0.6081 0.0000 9.6400 0.0000 0.0000 0.0000 9.6400 
2022 10 20 0 7.3400 142.1100 0.0000 4.7200 140.2786 403.4076 0.6071 0.0000 14.4400 0.0000 0.0000 0.0000 14.4400 
2022 10 21 0 6.1000 157.4800 0.0000 4.7200 139.6418 403.1602 0.6039 0.0000 18.1900 0.0000 0.0000 0.0000 18.1900 
2022 10 22 0 5.2100 142.0700 0.0000 4.7200 139.6280 403.1541 0.6038 0.0000 10.0900 0.0000 0.0000 0.0000 10.0900 
2022 10 23 0 4.5600 99.6700 0.0000 4.7200 138.7027 402.7443 0.5992 0.0000 19.9900 0.0000 0.0000 0.0000 19.9900 
2022 10 24 0 4.7600 85.2000 0.0000 4.7200 137.7039 402.3020 0.5942 0.0000 21.0400 0.0000 0.0000 0.0000 21.0400 
2022 10 25 0 6.4100 110.5100 0.0000 4.7200 137.4438 402.1868 0.5929 0.0000 14.1400 0.0000 0.0000 0.0000 14.1400 
2022 10 26 0 5.7200 121.4900 0.0000 5.1443 136.9534 401.9696 0.5904 0.0000 16.5400 0.0000 0.0000 0.0000 16.5400 
2022 10 27 0 5.4500 117.6600 0.0000 7.1642 137.3271 402.1351 0.5923 0.0000 8.2900 0.0000 0.0000 0.0000 8.2900 
2022 10 28 0 4.8700 103.2200 0.0000 8.4088 136.5398 401.7865 0.5883 0.0000 22.3900 0.0000 0.0000 0.0000 22.3900 
2022 10 29 0 5.1800 101.6200 0.0000 9.4393 136.3739 401.7130 0.5875 0.0000 16.5400 0.0000 0.0000 0.0000 16.5400 
2022 10 30 0 4.5200 117.9300 0.0000 10.0458 136.8384 401.9187 0.5898 0.0000 9.1900 0.0000 0.0000 0.0000 9.1900 
2022 10 31 0 4.0600 144.1300 0.0000 9.6890 137.0379 402.0070 0.5908 0.0000 11.4400 0.0000 0.0000 0.0000 11.4400 
2022 11 1 0 4.5000 72.4900 0.0000 9.1597 137.2815 402.1149 0.5921 0.0000 10.8400 0.0000 0.0000 0.0000 10.8400 
2022 11 2 0 7.9100 71.1700 0.0000 9.7063 137.7892 402.3398 0.5946 0.0000 11.7400 0.0000 0.0000 0.0000 11.7400 
2022 11 3 0 15.3900 86.5000 0.0000 13.0075 139.0858 402.9140 0.6011 0.0000 13.3900 0.0000 0.0000 0.0000 13.3900 
2022 11 4 0 19.8000 72.6700 0.0000 16.3679 141.0150 403.7082 0.6108 0.0000 13.8400 0.0000 0.0000 0.0000 13.8400 
2022 11 5 0 19.1200 47.6500 0.0000 18.1853 142.7443 404.4140 0.6195 0.0000 17.2900 0.0000 0.0000 0.0000 17.2900 
2022 11 6 0 14.4100 35.7500 0.0000 18.0939 143.5922 404.7601 0.6237 0.0000 22.6900 0.0000 0.0000 0.0000 22.6900 
2022 11 7 0 19.9200 43.8300 0.0000 18.6412 145.0801 405.3674 0.6312 0.0000 21.3400 0.0000 0.0000 0.0000 21.3400 
2022 11 8 0 17.2300 51.0900 0.0000 18.6976 146.8978 406.1093 0.6403 0.0000 14.8900 0.0000 0.0000 0.0000 14.8900 
2022 11 9 0 20.7600 42.5700 0.0000 19.2641 149.3026 407.0909 0.6524 0.0000 12.1900 0.0000 0.0000 0.0000 12.1900 
2022 11 10 0 15.9200 27.4000 0.0000 18.8334 150.9022 407.7438 0.6604 0.0000 16.2400 0.0000 0.0000 0.0000 16.2400 
2022 11 11 0 12.7600 2.0000 0.0000 17.5570 151.5612 408.0127 0.6637 0.0000 22.6900 0.0000 0.0000 0.0000 22.6900 
2022 11 12 0 10.2600 2.3700 0.0000 15.8740 152.9085 408.5626 0.6705 0.0000 10.5400 0.0000 0.0000 0.0000 10.5400 
2022 11 13 0 8.3600 29.9300 0.0000 14.1127 153.8747 408.9570 0.6753 0.0000 11.2900 0.0000 0.0000 0.0000 11.2900 
2022 11 14 0 6.8900 53.6800 0.0000 12.5512 154.0605 409.0329 0.6763 0.0000 17.2900 0.0000 0.0000 0.0000 17.2900 
2022 11 15 0 6.0500 53.7500 0.0000 11.7327 154.1938 409.0873 0.6769 0.0000 16.2400 0.0000 0.0000 0.0000 16.2400 
2022 11 16 0 6.5500 27.6900 0.0000 12.1191 155.0387 409.4321 0.6812 0.0000 8.8900 0.0000 0.0000 0.0000 8.8900 
2022 11 17 0 5.7900 48.9100 0.0000 14.9089 156.1368 409.8803 0.6867 0.0000 7.9900 0.0000 0.0000 0.0000 7.9900 
2022 11 18 0 4.7700 113.7000 0.0000 15.2763 156.0509 409.8453 0.6863 0.0000 21.0400 0.0000 0.0000 0.0000 21.0400 
2022 11 19 0 4.0600 167.1000 0.0000 13.8319 156.6861 410.1045 0.6894 0.0000 10.5400 0.0000 0.0000 0.0000 10.5400 
2022 11 20 0 3.5100 162.8400 0.0000 12.3408 156.4322 410.0009 0.6882 0.0000 18.7900 0.0000 0.0000 0.0000 18.7900 
2022 11 21 0 3.0800 209.5500 0.0000 10.8548 156.2201 409.9143 0.6871 0.0000 16.3900 0.0000 0.0000 0.0000 16.3900 
2022 11 22 0 2.7600 174.4300 0.0000 9.5515 155.7122 409.7070 0.6846 0.0000 18.1900 0.0000 0.0000 0.0000 18.1900 
2022 11 23 0 2.7100 149.8400 0.0000 8.6250 155.7420 409.7192 0.6847 0.0000 10.9900 0.0000 0.0000 0.0000 10.9900 
2022 11 24 0 3.7700 172.1800 0.0000 8.0822 156.0109 409.8289 0.6861 0.0000 8.7400 0.0000 0.0000 0.0000 8.7400 
2022 11 25 0 8.4400 200.3300 0.0000 8.2747 155.8964 409.7822 0.6855 0.0000 18.0400 0.0000 0.0000 0.0000 18.0400 
2022 11 26 0 11.5300 196.0200 0.0000 9.4471 156.6037 410.0709 0.6890 0.0000 12.7900 0.0000 0.0000 0.0000 12.7900 
2022 11 27 0 11.5900 146.0400 0.0000 11.0839 156.6542 410.0915 0.6893 0.0000 22.0900 0.0000 0.0000 0.0000 22.0900 
2022 11 28 0 19.2200 195.3000 0.0000 13.5803 157.5666 410.4639 0.6939 0.0000 22.2400 0.0000 0.0000 0.0000 22.2400 
2022 11 29 0 13.0800 362.5600 0.0000 14.3169 158.9971 411.0478 0.7010 0.0000 10.8400 0.0000 0.0000 0.0000 10.8400 
2022 11 30 0 8.5700 364.6000 0.0000 13.4614 159.9770 411.4478 0.7060 0.0000 10.6900 0.0000 0.0000 0.0000 10.6900 
2022 12 1 0 6.3800 349.6500 0.0000 12.0674 160.5047 411.6631 0.7086 0.0000 12.3400 0.0000 0.0000 0.0000 12.3400 
2022 12 2 0 5.2000 324.9900 0.0000 10.7200 160.6196 411.7100 0.7092 0.0000 14.5900 0.0000 0.0000 0.0000 14.5900 
2022 12 3 0 4.4600 268.8200 0.0000 9.5632 159.9874 411.4520 0.7060 0.0000 21.3400 0.0000 0.0000 0.0000 21.3400 
2022 12 4 0 3.9000 271.5000 0.0000 8.6176 159.6917 411.3313 0.7045 0.0000 15.9400 0.0000 0.0000 0.0000 15.9400 
2022 12 5 0 3.4900 290.7800 0.0000 7.8593 159.5154 411.2593 0.7036 0.0000 13.3900 0.0000 0.0000 0.0000 13.3900 
2022 12 6 0 3.4700 346.8000 0.0000 7.2885 159.3917 411.2089 0.7030 0.0000 12.1900 0.0000 0.0000 0.0000 12.1900 
2022 12 7 0 3.3800 334.1100 0.0000 6.8606 158.9900 411.0449 0.7010 0.0000 14.8900 0.0000 0.0000 0.0000 14.8900 
2022 12 8 0 3.6400 399.0300 0.0000 10.0410 158.9892 411.0446 0.7010 0.0000 13.6900 0.0000 0.0000 0.0000 13.6900 
2022 12 9 0 3.9500 418.6900 0.0000 10.6431 159.2098 411.1346 0.7021 0.0000 12.0400 0.0000 0.0000 0.0000 12.0400 
2022 12 10 0 3.9400 362.9800 0.0000 10.4429 159.2567 411.1538 0.7023 0.0000 13.8400 0.0000 0.0000 0.0000 13.8400 
2022 12 11 0 4.2600 338.6100 0.0000 10.2660 159.4197 411.2203 0.7032 0.0000 12.6400 0.0000 0.0000 0.0000 12.6400 
2022 12 12 0 4.3100 446.1100 0.0000 9.6853 159.2905 411.1676 0.7025 0.0000 15.4900 0.0000 0.0000 0.0000 15.4900 
2022 12 13 0 4.1100 458.6300 0.0000 9.5340 159.0274 411.0601 0.7012 0.0000 16.6900 0.0000 0.0000 0.0000 16.6900 
2022 12 14 0 3.9500 451.4100 0.0000 9.5204 159.2805 411.1635 0.7025 0.0000 10.5400 0.0000 0.0000 0.0000 10.5400 
2022 12 15 0 3.5800 396.6100 0.0000 9.5200 159.4499 411.2326 0.7033 0.0000 11.1400 0.0000 0.0000 0.0000 11.1400 
2022 12 16 0 3.1700 413.8400 0.0000 9.5200 159.5968 411.2926 0.7041 0.0000 10.9900 0.0000 0.0000 0.0000 10.9900 
2022 12 17 0 3.0500 254.6500 0.0000 9.5200 159.4352 411.2266 0.7032 0.0000 14.4400 0.0000 0.0000 0.0000 14.4400 
2022 12 18 0 3.0300 206.4000 0.0000 9.5200 159.5570 411.2763 0.7039 0.0000 11.1400 0.0000 0.0000 0.0000 11.1400 
2022 12 19 0 2.8800 211.4800 0.0000 9.5200 159.6270 411.3049 0.7042 0.0000 11.5900 0.0000 0.0000 0.0000 11.5900 
2022 12 20 0 2.7600 205.2500 0.0000 9.5200 159.5052 411.2552 0.7036 0.0000 13.6900 0.0000 0.0000 0.0000 13.6900 
2022 12 21 0 2.2200 223.3000 0.0000 9.5200 159.5441 411.2710 0.7038 0.0000 11.2900 0.0000 0.0000 0.0000 11.2900 
2022 12 22 0 2.0600 201.9700 0.0000 9.5200 159.4006 411.2125 0.7031 0.0000 13.2400 0.0000 0.0000 0.0000 13.2400 
2022 12 23 0 1.8600 193.2900 0.0000 9.5200 158.9419 411.0252 0.7008 0.0000 16.6900 0.0000 0.0000 0.0000 16.6900 
2022 12 24 0 1.6400 142.3700 0.0000 9.5200 158.3474 410.7826 0.6978 0.0000 18.0400 0.0000 0.0000 0.0000 18.0400 
2022 12 25 0 1.6400 129.4400 0.0000 9.5200 158.3362 410.7780 0.6977 0.0000 11.2900 0.0000 0.0000 0.0000 11.2900 
2022 12 26 0 3.0400 111.7200 0.0000 9.5200 158.5107 410.8493 0.6986 0.0000 10.5400 0.0000 0.0000 0.0000 10.5400 
2022 12 27 0 3.4000 141.3500 0.0000 5.8228 157.3601 410.3796 0.6928 0.0000 22.5400 0.0000 0.0000 0.0000 22.5400 
2022 12 28 0 2.8300 122.1300 0.0000 4.8144 157.1747 410.3040 0.6919 0.0000 9.7900 0.0000 0.0000 0.0000 9.7900 
2022 12 29 0 2.5300 96.2800 0.0000 4.7228 157.0203 410.2409 0.6911 0.0000 9.0400 0.0000 0.0000 0.0000 9.0400 
2022 12 30 0 2.4100 100.4100 0.0000 4.7200 156.5054 410.0308 0.6885 0.0000 13.0900 0.0000 0.0000 0.0000 13.0900 
2022 12 31 0 3.9900 116.2200 0.0000 4.7200 156.4639 410.0138 0.6883 0.0000 9.1900 0.0000 0.0000 0.0000 9.1900 
2023 1 1 0 3.1100 112.5700 0.0000 4.7200 155.9317 409.7966 0.6857 0.0000 13.9900 0.0000 0.0000 0.0000 13.9900 
2023 1 2 0 2.6300 149.2600 0.0000 4.7200 154.8655 409.3614 0.6803 0.0000 19.6900 0.0000 0.0000 0.0000 19.6900 
2023 1 3 0 2.3400 154.5400 0.0000 4.7200 153.9946 409.0060 0.6759 0.0000 17.1400 0.0000 0.0000 0.0000 17.1400 
2023 1 4 0 2.1900 114.6400 0.0000 4.7200 153.2014 408.6822 0.6720 0.0000 16.0900 0.0000 0.0000 0.0000 16.0900 
2023 1 5 0 2.1200 144.1600 0.0000 4.7200 151.8709 408.1391 0.6653 0.0000 22.2400 0.0000 0.0000 0.0000 22.2400 
2023 1 6 0 2.0500 126.0400 0.0000 4.7200 151.0786 407.8158 0.6613 0.0000 15.9400 0.0000 0.0000 0.0000 15.9400 
2023 1 7 0 2.2700 102.5400 0.0000 4.7200 150.1887 407.4525 0.6568 0.0000 17.2900 0.0000 0.0000 0.0000 17.2900 
2023 1 8 0 7.2600 75.8000 0.0000 4.7200 150.4427 407.5562 0.6581 0.0000 9.0400 0.0000 0.0000 0.0000 9.0400 
2023 1 9 0 11.5000 133.2800 0.0000 4.7200 149.9874 407.3704 0.6558 0.0000 21.4900 0.0000 0.0000 0.0000 21.4900 
2023 1 10 0 8.2000 130.4400 0.0000 4.7200 149.6876 407.2480 0.6543 0.0000 16.3900 0.0000 0.0000 0.0000 16.3900 
2023 1 11 0 6.5900 96.6800 0.0000 4.7200 148.9376 406.9419 0.6506 0.0000 19.9900 0.0000 0.0000 0.0000 19.9900 
2023 1 12 0 5.6100 89.9500 0.0000 4.7200 148.8028 406.8869 0.6499 0.0000 11.8900 0.0000 0.0000 0.0000 11.8900 
2023 1 13 0 4.7300 82.8000 0.0000 4.7200 148.5531 406.7849 0.6486 0.0000 12.3400 0.0000 0.0000 0.0000 12.3400 
2023 1 14 0 4.0300 94.7100 0.0000 4.7200 147.6079 406.3991 0.6439 0.0000 19.6900 0.0000 0.0000 0.0000 19.6900 
2023 1 15 0 3.8100 70.7800 0.0000 4.7200 146.8251 406.0796 0.6400 0.0000 17.5900 0.0000 0.0000 0.0000 17.5900 
2023 1 16 0 3.7300 139.7600 0.0000 4.7200 146.4501 405.9266 0.6381 0.0000 12.7900 0.0000 0.0000 0.0000 12.7900 
2023 1 17 0 3.5100 134.1900 0.0000 4.7200 145.9914 405.7393 0.6358 0.0000 13.5400 0.0000 0.0000 0.0000 13.5400 
2023 1 18 0 3.5700 138.3800 0.0000 4.7200 145.3174 405.4643 0.6324 0.0000 16.0900 0.0000 0.0000 0.0000 16.0900 
2023 1 19 0 3.0300 148.5600 0.0000 4.7200 144.8949 405.2918 0.6303 0.0000 12.6400 0.0000 0.0000 0.0000 12.6400 
2023 1 20 0 2.8400 162.5000 0.0000 4.7200 143.7562 404.8270 0.6246 0.0000 20.7400 0.0000 0.0000 0.0000 20.7400 
2023 1 21 0 2.6700 150.1900 0.0000 4.7200 143.6007 404.7635 0.6238 0.0000 9.1900 0.0000 0.0000 0.0000 9.1900 
2023 1 22 0 2.5200 151.8000 0.0000 4.7200 143.4711 404.7106 0.6231 0.0000 8.7400 0.0000 0.0000 0.0000 8.7400 
2023 1 23 0 2.6500 197.7300 0.0000 4.7200 142.7306 404.4084 0.6194 0.0000 15.9400 0.0000 0.0000 0.0000 15.9400 
2023 1 24 0 2.4800 184.5400 0.0000 4.7200 142.0533 404.1319 0.6160 0.0000 15.0400 0.0000 0.0000 0.0000 15.0400 
2023 1 25 0 2.6300 137.5700 0.0000 8.4172 142.0323 404.1234 0.6159 0.0000 11.2900 0.0000 0.0000 0.0000 11.2900 
2023 1 26 0 3.1700 132.3800 0.0000 9.4256 142.3784 404.2646 0.6176 0.0000 8.5900 0.0000 0.0000 0.0000 8.5900 
2023 1 27 0 2.9800 154.0500 0.0000 6.1258 142.1141 404.1568 0.6163 0.0000 12.1640 0.0000 0.0000 0.0000 12.1640 
2023 1 28 0 2.7600 116.8100 0.0000 1.2622 141.9692 404.0976 0.6156 0.0000 5.7000 0.0000 0.0000 0.0000 5.7000 
2023 1 29 0 2.5400 102.3700 0.0000 0.1032 141.6014 403.9475 0.6137 0.0000 6.9000 0.0000 0.0000 0.0000 6.9000 
2023 1 30 0 2.8600 90.0000 0.0000 0.0030 141.1359 403.7575 0.6114 0.0000 8.2500 0.0000 0.0000 0.0000 8.2500 
2023 1 31 0 2.6800 105.1200 0.0000 0.0000 141.2249 403.7939 0.6119 0.0000 1.6500 0.0000 0.0000 0.0000 1.6500 
2023 2 1 0 2.4300 103.8300 0.0000 0.0000 141.1886 403.7790 0.6117 0.0000 2.8500 0.0000 0.0000 0.0000 2.8500 
2023 2 2 0 2.9800 145.2800 0.0000 0.0000 140.4612 403.4821 0.6080 0.0000 11.4000 0.0000 0.0000 0.0000 11.4000 
2023 2 3 0 2.5900 113.1000 0.0000 0.0000 139.8944 403.2721 0.6052 0.0000 9.1500 0.0000 0.0000 0.0000 9.1500 
2023 2 4 0 2.1600 138.8200 0.0000 0.0000 138.9535 402.8554 0.6005 0.0000 13.0500 0.0000 0.0000 0.0000 13.0500 
2023 2 5 0 2.0400 122.8300 0.0000 0.0000 138.7669 402.7727 0.5995 0.0000 4.2000 0.0000 0.0000 0.0000 4.2000 
2023 2 6 0 1.9100 161.3800 0.0000 0.0000 137.8821 402.3809 0.5951 0.0000 12.1500 0.0000 0.0000 0.0000 12.1500 
2023 2 7 0 1.7700 132.4500 0.0000 0.0000 136.9205 401.9550 0.5903 0.0000 12.9000 0.0000 0.0000 0.0000 12.9000 
2023 2 8 0 1.7000 120.3300 0.0000 0.0000 135.8232 401.4691 0.5848 0.0000 14.4000 0.0000 0.0000 0.0000 14.4000 
2023 2 9 0 2.0100 98.3400 0.0000 0.0000 134.9989 401.1041 0.5806 0.0000 11.5500 0.0000 0.0000 0.0000 11.5500 
2023 2 10 0 2.1700 97.5400 0.0000 0.0000 134.3440 400.8140 0.5773 0.0000 9.7500 0.0000 0.0000 0.0000 9.7500 
2023 2 11 0 2.3600 94.6300 0.0000 0.0000 134.3924 400.8354 0.5776 0.0000 1.8000 0.0000 0.0000 0.0000 1.8000 
2023 2 12 0 2.5400 111.6200 0.0000 0.0000 134.3397 400.8121 0.5773 0.0000 3.1500 0.0000 0.0000 0.0000 3.1500 
2023 2 13 0 2.5300 115.7800 0.0000 0.0000 134.0010 400.6621 0.5756 0.0000 6.4500 0.0000 0.0000 0.0000 6.4500 
2023 2 14 0 2.5100 140.8300 0.0000 0.0000 133.4403 400.4138 0.5728 0.0000 9.0000 0.0000 0.0000 0.0000 9.0000 
2023 2 15 0 2.0900 122.5300 0.0000 0.0000 133.4394 400.4134 0.5728 0.0000 2.1000 0.0000 0.0000 0.0000 2.1000 
2023 2 16 0 1.9100 120.9800 0.0000 0.0000 132.3603 399.9355 0.5674 0.0000 14.4000 0.0000 0.0000 0.0000 14.4000 
2023 2 17 0 2.2800 92.1200 0.0000 0.0000 132.0518 399.7989 0.5658 0.0000 5.8500 0.0000 0.0000 0.0000 5.8500 
2023 2 18 0 2.4800 97.8800 0.0000 0.0000 131.2941 399.4633 0.5620 0.0000 11.2500 0.0000 0.0000 0.0000 11.2500 
2023 2 19 0 2.6000 107.6300 0.0000 0.0000 131.1300 399.3906 0.5612 0.0000 4.5000 0.0000 0.0000 0.0000 4.5000 
2023 2 20 0 2.8000 77.5600 0.0000 0.0000 130.2703 399.0099 0.5569 0.0000 12.7500 0.0000 0.0000 0.0000 12.7500 
2023 2 21 0 3.0100 106.7100 0.0000 0.0000 129.7398 398.7749 0.5542 0.0000 9.1500 0.0000 0.0000 0.0000 9.1500 
2023 2 22 0 2.5800 118.3800 0.0000 0.0000 129.3665 398.6096 0.5523 0.0000 6.9000 0.0000 0.0000 0.0000 6.9000 
2023 2 23 0 2.5400 116.1600 0.0000 0.0000 128.4585 398.2075 0.5478 0.0000 13.0500 0.0000 0.0000 0.0000 13.0500 
2023 2 24 0 2.2400 103.8000 0.0000 0.0000 127.9522 397.9832 0.5453 0.0000 8.1000 0.0000 0.0000 0.0000 8.1000 
2023 2 25 0 2.4500 97.6000 0.0000 0.0000 127.6066 397.8302 0.5435 0.0000 6.4500 0.0000 0.0000 0.0000 6.4500 
2023 2 26 0 2.5300 111.9200 0.0000 0.0000 127.2808 397.6859 0.5419 0.0000 6.3000 0.0000 0.0000 0.0000 6.3000 
2023 2 27 0 2.2800 124.5700 0.0000 0.0000 127.3741 397.7273 0.5424 0.0000 1.2000 0.0000 0.0000 0.0000 1.2000 
2023 2 28 0 2.0800 124.0900 0.0000 0.1928 127.4928 397.7798 0.5429 0.0000 0.9000 0.0000 0.0000 0.0000 0.9000 
2023 3 1 0 2.1000 130.8400 0.0000 0.8369 127.4484 397.7602 0.5427 0.0000 3.4500 0.0000 0.0000 0.0000 3.4500 
2023 3 2 0 2.0200 120.4000 0.0000 1.3623 126.8075 397.4763 0.5395 0.0000 10.8000 0.0000 0.0000 0.0000 10.8000 
2023 3 3 0 1.7800 115.5800 0.0000 1.6718 125.9523 397.0976 0.5352 0.0000 13.3500 0.0000 0.0000 0.0000 13.3500 
2023 3 4 0 1.7700 112.2200 0.0000 2.0053 125.3454 396.8288 0.5322 0.0000 10.8000 0.0000 0.0000 0.0000 10.8000 
2023 3 5 0 2.0000 129.9600 0.0000 2.6599 124.8927 396.6283 0.5299 0.0000 9.9000 0.0000 0.0000 0.0000 9.9000 
2023 3 6 0 1.4500 153.1300 0.0000 3.2429 124.1317 396.2913 0.5261 0.0000 13.5000 0.0000 0.0000 0.0000 13.5000 
2023 3 7 0 0.9800 116.0800 0.0000 3.6299 124.4523 396.4332 0.5277 0.0000 0.9000 0.0000 0.0000 0.0000 0.9000 
2023 3 8 0 1.1200 150.8300 0.0000 3.9018 124.0178 396.2408 0.5255 0.0000 10.0500 0.0000 0.0000 0.0000 10.0500 
2023 3 9 0 0.9300 138.5100 0.0000 4.0787 124.1136 396.2833 0.5260 0.0000 3.9000 0.0000 0.0000 0.0000 3.9000 
2023 3 10 0 0.8700 127.3700 0.0000 4.1913 123.3068 395.9259 0.5219 0.0000 14.4000 0.0000 0.0000 0.0000 14.4000 
2023 3 11 0 0.8200 110.5300 0.0000 4.2621 123.0849 395.8277 0.5208 0.0000 7.6500 0.0000 0.0000 0.0000 7.6500 
2023 3 12 0 0.8100 106.8200 0.0000 4.3127 123.4886 396.0065 0.5229 0.0000 0.4500 0.0000 0.0000 0.0000 0.4500 
2023 3 13 0 0.8600 94.6800 0.0000 4.3514 123.7574 396.1255 0.5242 0.0000 2.1000 0.0000 0.0000 0.0000 2.1000 
2023 3 14 0 0.9200 102.8300 0.0000 4.3841 123.3603 395.9497 0.5222 0.0000 9.9000 0.0000 0.0000 0.0000 9.9000 
2023 3 15 0 0.8800 121.6400 0.0000 4.4020 122.7540 395.6811 0.5192 0.0000 12.3000 0.0000 0.0000 0.0000 12.3000 
2023 3 16 0 0.8200 112.8100 0.0000 4.4065 122.0392 395.3646 0.5156 0.0000 13.5000 0.0000 0.0000 0.0000 13.5000 
2023 3 17 0 1.0000 104.1500 0.0000 4.4231 122.1189 395.3999 0.5160 0.0000 4.5000 0.0000 0.0000 0.0000 4.5000 
2023 3 18 0 1.2000 109.0000 0.0000 4.4590 122.3357 395.4959 0.5171 0.0000 3.1500 0.0000 0.0000 0.0000 3.1500 
2023 3 19 0 1.3600 110.0900 0.0000 4.4992 122.0773 395.3814 0.5158 0.0000 8.8500 0.0000 0.0000 0.0000 8.8500 
2023 3 20 0 1.5400 116.7600 0.0000 4.5463 121.4886 395.1207 0.5128 0.0000 12.9000 0.0000 0.0000 0.0000 12.9000 
2023 3 21 0 1.6000 111.3100 0.0000 4.5887 121.5567 395.1509 0.5132 0.0000 5.4000 0.0000 0.0000 0.0000 5.4000 
2023 3 22 0 1.6300 92.3600 0.0000 4.6228 121.0861 394.9425 0.5108 0.0000 11.7000 0.0000 0.0000 0.0000 11.7000 
2023 3 23 0 1.8900 86.1100 0.0000 4.6721 121.5883 395.1649 0.5133 0.0000 0.7500 0.0000 0.0000 0.0000 0.7500 
2023 3 24 0 2.5300 83.8300 0.0000 4.7693 121.9597 395.3294 0.5152 0.0000 3.0000 0.0000 0.0000 0.0000 3.0000 
2023 3 25 0 3.1300 73.3600 0.0000 4.9095 121.3842 395.0745 0.5123 0.0000 14.7000 0.0000 0.0000 0.0000 14.7000 
2023 3 26 0 3.1500 92.4600 0.0000 5.0326 121.3395 395.0547 0.5121 0.0000 8.7000 0.0000 0.0000 0.0000 8.7000 
2023 3 27 0 3.2200 100.9400 0.0000 5.1346 121.3097 395.0415 0.5119 0.0000 8.7000 0.0000 0.0000 0.0000 8.7000 
2023 3 28 0 2.8500 123.8500 0.0000 5.1906 120.7602 394.7982 0.5092 0.0000 14.4000 0.0000 0.0000 0.0000 14.4000 
2023 3 29 0 1.9300 127.0200 0.0000 5.1546 120.7373 394.7880 0.5090 0.0000 7.3500 0.0000 0.0000 0.0000 7.3500 
2023 3 30 0 1.7200 103.7800 0.0000 5.1172 121.2762 395.0267 0.5117 0.0000 0.6000 0.0000 0.0000 0.0000 0.6000 
2023 3 31 0 1.6600 111.8200 0.0000 5.0863 121.7943 395.2561 0.5143 0.0000 0.7500 0.0000 0.0000 0.0000 0.7500 
2023 4 1 0 2.0000 97.9300 0.0000 5.2700 121.5800 395.1612 0.5133 0.0000 9.7500 0.0000 0.0000 0.0000 9.7500 
2023 4 2 0 2.1500 105.1000 0.0000 5.4587 121.3950 395.0793 0.5123 0.0000 9.7500 0.0000 0.0000 0.0000 9.7500 
2023 4 3 0 2.0200 126.4800 0.0000 5.2407 120.8819 394.8520 0.5098 0.0000 13.2000 0.0000 0.0000 0.0000 13.2000 
2023 4 4 0 1.5500 133.1300 0.0000 4.6885 120.7599 394.7980 0.5092 0.0000 7.6500 0.0000 0.0000 0.0000 7.6500 
2023 4 5 0 1.6200 130.9100 0.0000 4.1000 120.8005 394.8160 0.5094 0.0000 5.2500 0.0000 0.0000 0.0000 5.2500 
2023 4 6 0 1.3600 125.8900 0.0000 3.5680 120.8245 394.8266 0.5095 0.0000 4.6500 0.0000 0.0000 0.0000 4.6500 
2023 4 7 0 1.2700 117.9200 0.0000 3.1010 120.3727 394.6265 0.5072 0.0000 9.6000 0.0000 0.0000 0.0000 9.6000 
2023 4 8 0 1.3300 120.6500 0.0000 2.7137 120.0093 394.4656 0.5054 0.0000 8.2500 0.0000 0.0000 0.0000 8.2500 
2023 4 9 0 1.4700 110.2100 0.0000 2.4099 119.8521 394.3960 0.5046 0.0000 5.7000 0.0000 0.0000 0.0000 5.7000 
2023 4 10 0 1.6700 54.3700 0.0000 2.2000 119.8365 394.3891 0.5045 0.0000 4.0500 0.0000 0.0000 0.0000 4.0500 
2023 4 11 0 8.3500 84.4600 0.0000 3.3922 120.4289 394.6514 0.5075 0.0000 4.8860 0.0000 0.0000 0.0000 4.8860 
2023 4 12 0 7.4700 111.9800 0.0000 10.0400 120.3053 394.5967 0.5069 0.0000 18.9400 0.0000 0.0000 0.0000 18.9400 
2023 4 13 0 7.4800 107.2100 0.0000 11.6068 120.0459 394.4818 0.5056 0.0000 22.0900 0.0000 0.0000 0.0000 22.0900 
2023 4 14 0 8.9300 118.9300 0.0000 11.7083 119.8686 394.4033 0.5047 0.0000 22.6900 0.0000 0.0000 0.0000 22.6900 
2023 4 15 0 8.6500 111.6600 0.0000 11.6767 120.8178 394.8237 0.5094 0.0000 9.3400 0.0000 0.0000 0.0000 9.3400 
2023 4 16 0 8.6700 115.1500 0.0000 11.6489 121.6368 395.1864 0.5136 0.0000 10.8400 0.0000 0.0000 0.0000 10.8400 
2023 4 17 0 9.1800 125.4800 0.0000 11.6755 121.6727 395.2023 0.5137 0.0000 20.4400 0.0000 0.0000 0.0000 20.4400 
2023 4 18 0 9.7300 114.7600 0.0000 11.7581 122.6834 395.6499 0.5188 0.0000 9.7900 0.0000 0.0000 0.0000 9.7900 
2023 4 19 0 10.0800 108.7500 0.0000 11.8762 123.5791 396.0465 0.5233 0.0000 11.5900 0.0000 0.0000 0.0000 11.5900 
2023 4 20 0 10.8000 111.1600 0.0000 12.0601 123.8789 396.1793 0.5248 0.0000 19.3900 0.0000 0.0000 0.0000 19.3900 
2023 4 21 0 11.7400 107.9900 0.0000 12.3374 124.1802 396.3128 0.5263 0.0000 20.5900 0.0000 0.0000 0.0000 20.5900 
2023 4 22 0 12.8800 98.4000 0.0000 12.7055 124.9488 396.6531 0.5302 0.0000 16.6900 0.0000 0.0000 0.0000 16.6900 
2023 4 23 0 17.6000 97.8600 0.0000 13.3992 126.7683 397.4589 0.5393 0.0000 9.9400 0.0000 0.0000 0.0000 9.9400 
2023 4 24 0 18.2000 116.5300 0.0000 14.0372 128.1764 398.0825 0.5464 0.0000 15.9400 0.0000 0.0000 0.0000 15.9400 
2023 4 25 0 16.6200 104.4700 0.0000 14.3559 128.9052 398.4053 0.5500 0.0000 22.5400 0.0000 0.0000 0.0000 22.5400 
2023 4 26 0 14.2700 114.3700 0.0000 14.3229 130.2317 398.9928 0.5567 0.0000 13.2400 0.0000 0.0000 0.0000 13.2400 
2023 4 27 0 11.6200 123.3800 0.0000 13.9970 130.8604 399.2712 0.5598 0.0000 18.3400 0.0000 0.0000 0.0000 18.3400 
2023 4 28 0 9.9200 121.7100 0.0000 13.5435 130.9661 399.3180 0.5604 0.0000 22.2400 0.0000 0.0000 0.0000 22.2400 
2023 4 29 0 8.7300 112.7000 0.0000 13.0758 131.5637 399.5827 0.5634 0.0000 14.8900 0.0000 0.0000 0.0000 14.8900 
2023 4 30 0 8.0800 99.7900 0.0000 12.6545 131.7317 399.6571 0.5642 0.0000 18.7900 0.0000 0.0000 0.0000 18.7900 
2023 5 1 0 7.7400 106.3400 0.0000 12.3072 131.5163 399.5617 0.5631 0.0000 22.5400 0.0000 0.0000 0.0000 22.5400 
2023 5 2 0 7.8000 121.7900 0.0000 12.0657 131.4796 399.5455 0.5630 0.0000 20.2900 0.0000 0.0000 0.0000 20.2900 
2023 5 3 0 8.0900 118.1800 0.0000 11.9303 131.9747 399.7647 0.5654 0.0000 14.2900 0.0000 0.0000 0.0000 14.2900 
2023 5 4 0 8.2700 112.1600 0.0000 11.8609 131.8443 399.7070 0.5648 0.0000 21.6400 0.0000 0.0000 0.0000 21.6400 
2023 5 5 0 7.5600 97.5700 0.0000 11.7596 132.1493 399.8420 0.5663 0.0000 15.7900 0.0000 0.0000 0.0000 15.7900 
2023 5 6 0 6.9700 94.9300 0.0000 11.6124 132.7016 400.0866 0.5691 0.0000 12.1900 0.0000 0.0000 0.0000 12.1900 
2023 5 7 0 7.4000 88.0500 0.0000 11.5008 133.4240 400.4065 0.5727 0.0000 10.5400 0.0000 0.0000 0.0000 10.5400 
2023 5 8 0 8.5300 102.0400 0.0000 11.5113 134.1801 400.7414 0.5765 0.0000 11.2900 0.0000 0.0000 0.0000 11.2900 
2023 5 9 0 12.0600 96.1600 0.0000 11.8573 134.7397 400.9892 0.5793 0.0000 17.4400 0.0000 0.0000 0.0000 17.4400 
2023 5 10 0 20.8000 94.0200 0.0000 12.9859 136.3723 401.7123 0.5875 0.0000 14.8900 0.0000 0.0000 0.0000 14.8900 
2023 5 11 0 22.7500 101.3600 0.0000 10.3558 138.3899 402.6058 0.5976 0.0000 9.7540 0.0000 0.0000 0.0000 9.7540 
2023 5 12 0 22.9000 91.5000 0.0000 10.8808 141.2567 403.8068 0.6120 0.0000 0.6000 0.0000 0.0000 0.0000 0.6000 
2023 5 13 0 23.9100 74.6100 0.0000 14.1364 144.2848 405.0428 0.6272 0.0000 3.0000 0.0000 0.0000 0.0000 3.0000 
2023 5 14 0 23.4900 72.7500 0.0000 17.0844 146.4944 405.9446 0.6383 0.0000 15.0000 0.0000 0.0000 0.0000 15.0000 
2023 5 15 0 23.1100 94.8900 0.0000 19.8819 149.8719 407.3232 0.6553 0.0000 3.9000 0.0000 0.0000 0.0000 3.9000 
2023 5 16 0 22.3800 63.0700 0.0000 23.4764 153.5747 408.8346 0.6738 0.0000 3.0000 0.0000 0.0000 0.0000 3.0000 
2023 5 17 0 20.6100 54.3000 0.0000 27.0958 157.4762 410.4270 0.6934 0.0000 2.5500 0.0000 0.0000 0.0000 2.5500 
2023 5 18 0 17.5500 88.1100 0.0000 27.9732 161.3964 412.0271 0.7131 0.0000 0.1500 0.0000 0.0000 0.0000 0.1500 
2023 5 19 0 15.8600 92.9400 0.0000 27.3213 163.9998 413.0897 0.7261 0.0000 13.0500 0.0000 0.0000 0.0000 13.0500 
2023 5 20 0 16.0900 52.6300 0.0000 26.4868 166.6287 414.0770 0.7393 0.0000 12.1500 0.0000 0.0000 0.0000 12.1500 
2023 5 21 0 15.8900 37.1300 0.0000 25.5870 169.5254 415.1722 0.7539 0.0000 7.9500 0.0000 0.0000 0.0000 7.9500 
2023 5 22 0 16.3600 84.4700 0.0000 24.7525 172.5202 416.3044 0.7689 0.0000 6.4500 0.0000 0.0000 0.0000 6.4500 
2023 5 23 0 22.1100 63.0000 0.0000 25.3791 175.4698 417.4196 0.7837 0.0000 13.3500 0.0000 0.0000 0.0000 13.3500 
2023 5 24 0 20.3000 82.4800 0.0000 26.2464 178.8046 418.6804 0.8004 0.0000 7.9500 0.0000 0.0000 0.0000 7.9500 
2023 5 25 0 18.1400 57.6600 0.0000 26.4337 181.4764 419.6905 0.8139 0.0000 13.6500 0.0000 0.0000 0.0000 13.6500 
2023 5 26 0 15.6500 61.9200 0.0000 26.3596 184.8339 420.9599 0.8307 0.0000 3.1500 0.0000 0.0000 0.0000 3.1500 
2023 5 27 0 13.4700 61.7400 0.0000 25.7040 188.1926 422.2297 0.8476 0.0000 0.3000 0.0000 0.0000 0.0000 0.3000 
2023 5 28 0 11.7600 48.1500 0.0000 24.1436 190.3226 423.0350 0.8582 0.0000 11.2500 0.0000 0.0000 0.0000 11.2500 
2023 5 29 0 10.1200 41.9900 0.0000 21.7774 192.8971 423.9411 0.8712 0.0000 2.1000 0.0000 0.0000 0.0000 2.1000 
2023 5 30 0 8.7000 85.7800 0.0000 19.2374 194.8444 424.6282 0.8809 0.0000 5.4000 0.0000 0.0000 0.0000 5.4000 
2023 5 31 0 7.6900 60.1500 0.0000 16.8786 196.8634 425.3407 0.8911 0.0000 1.2000 0.0000 0.0000 0.0000 1.2000 
2023 6 1 0 6.9000 67.1300 0.0000 14.8013 197.6109 425.6044 0.8948 0.0000 13.0500 0.0000 0.0000 0.0000 13.0500 
2023 6 2 0 6.0900 80.9600 0.0000 12.9253 198.4244 425.8914 0.8989 0.0000 9.6000 0.0000 0.0000 0.0000 9.6000 
2023 6 3 0 5.3100 62.3200 0.0000 11.2319 199.5944 426.3043 0.9048 0.0000 3.0000 0.0000 0.0000 0.0000 3.0000 
2023 6 4 0 4.6300 61.2100 0.0000 9.7688 200.0219 426.4552 0.9069 0.0000 9.4500 0.0000 0.0000 0.0000 9.4500 
2023 6 5 0 4.1000 87.8500 0.0000 8.5250 200.6980 426.6937 0.9103 0.0000 4.8000 0.0000 0.0000 0.0000 4.8000 
2023 6 6 0 3.6100 90.1800 0.0000 7.4446 201.2384 426.8844 0.9130 0.0000 4.8000 0.0000 0.0000 0.0000 4.8000 
2023 6 7 0 3.1600 96.7800 0.0000 6.4939 201.4375 426.9546 0.9140 0.0000 7.3500 0.0000 0.0000 0.0000 7.3500 
2023 6 8 0 2.7600 89.0900 0.0000 5.6573 201.5686 427.0009 0.9147 0.0000 6.9000 0.0000 0.0000 0.0000 6.9000 
2023 6 9 0 2.3700 88.9200 0.0000 4.9179 201.0448 426.8161 0.9121 0.0000 13.3500 0.0000 0.0000 0.0000 13.3500 
2023 6 10 0 2.0500 61.8300 0.0000 4.2629 200.5405 426.6381 0.9095 0.0000 12.1500 0.0000 0.0000 0.0000 12.1500 
2023 6 11 0 1.7700 47.6500 0.0000 3.6876 200.4288 426.5987 0.9090 0.0000 6.7500 0.0000 0.0000 0.0000 6.7500 
2023 6 12 0 1.5200 88.7900 0.0000 3.1883 200.5505 426.6417 0.9096 0.0000 3.3000 0.0000 0.0000 0.0000 3.3000 
2023 6 13 0 1.3100 99.0700 0.0000 2.7628 200.8117 426.7338 0.9109 0.0000 1.0500 0.0000 0.0000 0.0000 1.0500 
2023 6 14 0 1.1500 105.6600 0.0000 2.3942 200.1200 426.4898 0.9074 0.0000 11.5500 0.0000 0.0000 0.0000 11.5500 
2023 6 15 0 1.0200 116.5000 0.0000 2.0834 199.9604 426.4335 0.9066 0.0000 4.9500 0.0000 0.0000 0.0000 4.9500 
2023 6 16 0 0.9400 123.1200 0.0000 1.8304 199.0204 426.1018 0.9019 0.0000 13.6500 0.0000 0.0000 0.0000 13.6500 
2023 6 17 0 0.8800 107.5100 0.0000 1.6216 198.0572 425.7619 0.8971 0.0000 13.6500 0.0000 0.0000 0.0000 13.6500 
2023 6 18 0 0.8300 102.7200 0.0000 1.4520 197.6712 425.6257 0.8951 0.0000 6.7500 0.0000 0.0000 0.0000 6.7500 
2023 6 19 0 0.7800 116.7200 0.0000 1.3198 196.7121 425.2873 0.8903 0.0000 13.2000 0.0000 0.0000 0.0000 13.2000 
2023 6 20 0 0.7500 131.3100 0.0000 1.2328 196.6761 425.2745 0.8901 0.0000 2.4000 0.0000 0.0000 0.0000 2.4000 
2023 6 21 0 0.7300 131.9100 0.0000 1.2323 196.1198 425.0783 0.8873 0.0000 8.4000 0.0000 0.0000 0.0000 8.4000 
2023 6 22 0 0.6900 129.3300 0.0000 1.6537 196.1539 425.0903 0.8875 0.0000 1.9500 0.0000 0.0000 0.0000 1.9500 
2023 6 23 0 0.6400 112.7300 0.0000 1.9880 196.2384 425.1201 0.8879 0.0000 1.6500 0.0000 0.0000 0.0000 1.6500 
2023 6 24 0 0.5900 91.6000 0.0000 2.0724 195.9889 425.0321 0.8867 0.0000 5.5500 0.0000 0.0000 0.0000 5.5500 
2023 6 25 0 0.5500 78.9200 0.0000 1.9826 194.9506 424.6657 0.8815 0.0000 14.5500 0.0000 0.0000 0.0000 14.5500 
2023 6 26 0 0.6400 97.3600 0.0000 1.8285 195.0602 424.7044 0.8820 0.0000 1.2000 0.0000 0.0000 0.0000 1.2000 
2023 6 27 0 0.7400 97.1000 0.0000 1.6820 194.5048 424.5084 0.8792 0.0000 8.8500 0.0000 0.0000 0.0000 8.8500 
2023 6 28 0 0.6600 110.3800 0.0000 1.5615 194.3857 424.4664 0.8786 0.0000 3.6000 0.0000 0.0000 0.0000 3.6000 
2023 6 29 0 0.6600 115.5800 0.0000 1.4609 193.6358 424.2018 0.8749 0.0000 10.8000 0.0000 0.0000 0.0000 10.8000 
2023 6 30 0 0.8700 106.1600 0.0000 1.3977 193.7799 424.2526 0.8756 0.0000 0.6000 0.0000 0.0000 0.0000 0.6000 
2023 7 1 0 0.8500 61.0800 0.0000 1.3371 193.5282 424.1638 0.8743 0.0000 5.1000 0.0000 0.0000 0.0000 5.1000 
2023 7 2 0 0.9700 15.9100 0.0000 1.2951 193.3092 424.0865 0.8732 0.0000 4.8000 0.0000 0.0000 0.0000 4.8000 
2023 7 3 0 0.9700 50.3200 0.0000 1.2636 192.2969 423.7293 0.8682 0.0000 13.9500 0.0000 0.0000 0.0000 13.9500 
2023 7 4 0 1.2800 83.2500 0.0000 1.2939 191.4955 423.4465 0.8641 0.0000 11.8500 0.0000 0.0000 0.0000 11.8500 
2023 7 5 0 1.2700 80.5300 0.0000 1.3330 191.0464 423.2881 0.8619 0.0000 7.8000 0.0000 0.0000 0.0000 7.8000 
2023 7 6 0 1.4200 96.7500 0.0000 1.4030 191.2515 423.3604 0.8629 0.0000 0.4500 0.0000 0.0000 0.0000 0.4500 
2023 7 7 0 1.3100 101.0400 0.0000 1.5370 190.5384 423.1166 0.8593 0.0000 11.1000 0.0000 0.0000 0.0000 11.1000 
2023 7 8 0 1.0700 87.4600 0.0000 1.8525 190.4928 423.0994 0.8591 0.0000 3.4500 0.0000 0.0000 0.0000 3.4500 
2023 7 9 0 0.9700 94.0500 0.0000 2.2031 189.7950 422.8355 0.8556 0.0000 11.2500 0.0000 0.0000 0.0000 11.2500 
2023 7 10 0 1.0200 98.2100 0.0000 2.4356 188.9142 422.5025 0.8512 0.0000 13.6500 0.0000 0.0000 0.0000 13.6500 
2023 7 11 0 1.5700 89.8900 0.0000 2.5835 188.3399 422.2854 0.8483 0.0000 10.8000 0.0000 0.0000 0.0000 10.8000 
2023 7 12 0 2.6200 76.6900 0.0000 2.8336 188.3446 422.2872 0.8483 0.0000 5.4000 0.0000 0.0000 0.0000 5.4000 
2023 7 13 0 2.3300 83.4900 0.0000 2.9731 187.9863 422.1517 0.8465 0.0000 9.4500 0.0000 0.0000 0.0000 9.4500 
2023 7 14 0 2.0600 85.4800 0.0000 2.9482 187.9265 422.1291 0.8462 0.0000 5.7000 0.0000 0.0000 0.0000 5.7000 
2023 7 15 0 2.8100 33.3300 0.0000 2.9930 187.5077 421.9708 0.8441 0.0000 10.6500 0.0000 0.0000 0.0000 10.6500 
2023 7 16 0 6.2600 17.8600 0.0000 3.6759 187.8867 422.1140 0.8460 0.0000 5.5500 0.0000 0.0000 0.0000 5.5500 
2023 7 17 0 9.3400 30.5600 0.0000 4.9924 188.4640 422.3323 0.8489 0.0000 7.6500 0.0000 0.0000 0.0000 7.6500 
2023 7 18 0 8.0100 64.7000 0.0000 5.9455 188.4515 422.3276 0.8489 0.0000 14.1000 0.0000 0.0000 0.0000 14.1000 
2023 7 19 0 6.2000 77.7600 0.0000 12.3365 189.1813 422.6035 0.8525 0.0000 10.0900 0.0000 0.0000 0.0000 10.0900 
2023 7 20 0 5.1000 64.6700 0.0000 13.1229 189.8192 422.8447 0.8557 0.0000 10.8400 0.0000 0.0000 0.0000 10.8400 
2023 7 21 0 4.3100 83.1300 0.0000 12.3013 189.7735 422.8274 0.8555 0.0000 17.1400 0.0000 0.0000 0.0000 17.1400 
2023 7 22 0 3.7900 75.6300 0.0000 11.5221 189.6156 422.7677 0.8547 0.0000 17.1400 0.0000 0.0000 0.0000 17.1400 
2023 7 23 0 3.7000 33.2000 0.0000 10.9395 189.2181 422.6174 0.8527 0.0000 19.2400 0.0000 0.0000 0.0000 19.2400 
2023 7 24 0 3.2800 69.9000 0.0000 10.4830 188.8874 422.4924 0.8510 0.0000 17.5900 0.0000 0.0000 0.0000 17.5900 
2023 7 25 0 2.7900 60.2500 0.0000 10.1050 188.0930 422.1921 0.8471 0.0000 22.0900 0.0000 0.0000 0.0000 22.0900 
2023 7 26 0 2.5100 69.5200 0.0000 9.7989 188.2199 422.2400 0.8477 0.0000 10.8400 0.0000 0.0000 0.0000 10.8400 
2023 7 27 0 2.2700 87.3400 0.0000 9.5730 187.6845 422.0376 0.8450 0.0000 18.0400 0.0000 0.0000 0.0000 18.0400 
2023 7 28 0 1.9500 86.7600 0.0000 9.5242 187.8948 422.1171 0.8461 0.0000 9.0400 0.0000 0.0000 0.0000 9.0400 
2023 7 29 0 1.6500 74.6100 0.0000 9.5201 187.7937 422.0789 0.8456 0.0000 12.3400 0.0000 0.0000 0.0000 12.3400 
2023 7 30 0 1.4300 39.5200 0.0000 9.5200 187.6736 422.0335 0.8450 0.0000 12.3400 0.0000 0.0000 0.0000 12.3400 
2023 7 31 0 1.2100 69.3300 0.0000 9.5200 187.3920 421.9270 0.8435 0.0000 13.9900 0.0000 0.0000 0.0000 13.9900 
2023 8 1 0 1.0400 73.8700 0.0000 5.8228 186.9835 421.7726 0.8415 0.0000 11.5900 0.0000 0.0000 0.0000 11.5900 
2023 8 2 0 0.9600 64.7500 0.0000 4.8144 186.2996 421.5140 0.8381 0.0000 13.6900 0.0000 0.0000 0.0000 13.6900 
2023 8 3 0 0.9200 43.5500 0.0000 4.7228 185.1378 421.0748 0.8322 0.0000 19.0900 0.0000 0.0000 0.0000 19.0900 
2023 8 4 0 0.9000 62.1300 0.0000 4.7200 184.0388 420.6593 0.8267 0.0000 18.3400 0.0000 0.0000 0.0000 18.3400 
2023 8 5 0 0.9000 76.9400 0.0000 4.7200 182.6287 420.1262 0.8196 0.0000 21.9400 0.0000 0.0000 0.0000 21.9400 
2023 8 6 0 0.8400 57.5500 0.0000 4.7200 181.2524 419.6058 0.8127 0.0000 21.4900 0.0000 0.0000 0.0000 21.4900 
2023 8 7 0 0.8300 16.8300 0.0000 4.7200 179.7715 419.0459 0.8053 0.0000 22.6900 0.0000 0.0000 0.0000 22.6900 
2023 8 8 0 2.1500 0.0400 0.0000 4.7200 179.2600 418.8526 0.8027 0.0000 12.7900 0.0000 0.0000 0.0000 12.7900 
2023 8 9 0 1.8500 14.7000 0.0000 4.7200 178.7874 418.6739 0.8004 0.0000 12.0400 0.0000 0.0000 0.0000 12.0400 
2023 8 10 0 1.5100 51.2900 0.0000 4.7200 178.3761 418.5184 0.7983 0.0000 10.9900 0.0000 0.0000 0.0000 10.9900 
2023 8 11 0 1.2600 72.3800 0.0000 4.7200 178.0988 418.4135 0.7969 0.0000 9.1900 0.0000 0.0000 0.0000 9.1900 
2023 8 12 0 1.0600 69.7000 0.0000 4.7200 176.8451 417.9396 0.7906 0.0000 20.2900 0.0000 0.0000 0.0000 20.2900 
2023 8 13 0 0.9800 63.1900 0.0000 4.7200 175.9993 417.6198 0.7864 0.0000 15.4900 0.0000 0.0000 0.0000 15.4900 
2023 8 14 0 1.0100 85.9500 0.0000 4.7200 175.0394 417.2568 0.7815 0.0000 16.8400 0.0000 0.0000 0.0000 16.8400 
2023 8 15 0 3.4800 82.7300 0.0000 4.7200 174.0596 416.8864 0.7766 0.0000 19.5400 0.0000 0.0000 0.0000 19.5400 
2023 8 16 0 4.6200 93.5300 0.0000 4.7200 173.0228 416.4944 0.7714 0.0000 21.3400 0.0000 0.0000 0.0000 21.3400 
2023 8 17 0 3.8200 92.9900 0.0000 4.7200 171.9298 416.0812 0.7659 0.0000 21.1900 0.0000 0.0000 0.0000 21.1900 
2023 8 18 0 3.1900 84.3900 0.0000 4.7200 171.1194 415.7748 0.7619 0.0000 17.2900 0.0000 0.0000 0.0000 17.2900 
2023 8 19 0 3.0500 48.8800 0.0000 4.7200 170.9837 415.7235 0.7612 0.0000 9.3400 0.0000 0.0000 0.0000 9.3400 
2023 8 20 0 5.8000 75.6000 0.0000 4.7200 170.0100 415.3554 0.7563 0.0000 21.7900 0.0000 0.0000 0.0000 21.7900 
2023 8 21 0 4.4800 88.4800 0.0000 4.7200 169.2074 415.0519 0.7523 0.0000 18.4900 0.0000 0.0000 0.0000 18.4900 
2023 8 22 0 3.6300 92.0800 0.0000 4.7200 168.8756 414.9265 0.7506 0.0000 12.1900 0.0000 0.0000 0.0000 12.1900 
2023 8 23 0 3.0800 99.5400 0.0000 4.7200 168.7166 414.8664 0.7498 0.0000 9.6400 0.0000 0.0000 0.0000 9.6400 
2023 8 24 0 2.6200 99.6900 0.0000 4.7200 168.1032 414.6345 0.7467 0.0000 14.4400 0.0000 0.0000 0.0000 14.4400 
2023 8 25 0 3.4700 93.1800 0.0000 4.7200 167.1484 414.2735 0.7420 0.0000 19.2400 0.0000 0.0000 0.0000 19.2400 
2023 8 26 0 5.5000 87.9600 0.0000 4.7200 166.7579 414.1259 0.7400 0.0000 14.7400 0.0000 0.0000 0.0000 14.7400 
2023 8 27 0 5.8400 89.4800 0.0000 4.7200 166.3579 413.9746 0.7380 0.0000 15.1900 0.0000 0.0000 0.0000 15.1900 
2023 8 28 0 4.5500 91.8000 0.0000 4.7200 165.8334 413.7763 0.7354 0.0000 15.3400 0.0000 0.0000 0.0000 15.3400 
2023 8 29 0 3.6900 95.0600 0.0000 4.7200 165.8308 413.7754 0.7353 0.0000 8.4400 0.0000 0.0000 0.0000 8.4400 
2023 8 30 0 3.1200 99.5900 0.0000 4.7200 164.9625 413.4471 0.7310 0.0000 17.8900 0.0000 0.0000 0.0000 17.8900 
2023 8 31 0 2.7800 97.2200 0.0000 4.7200 163.8704 413.0369 0.7255 0.0000 20.1400 0.0000 0.0000 0.0000 20.1400 
