RESERVOIR node 5 TOPPSY
reservoir_init_fr= 0.80000  masl=648.828
Filling at HRW [Mm3] = 40.10990
Filling at LRW [Mm3] = 10.02747
Active reservoir capacity [Mm3] = 30.08242
yyyy mm dd hh [m3/s] [Euro/MWh] [fr] [m3/s] [Mm3] [masl] [fr] [Euro]         [m3/s]     [m3/s]    [m3/s]   [m3/s]    [m3/s] 
yyyy mm dd hh Inflow Price Action Up_Inflow Res_Mm3 Res_masl Res_fr lrw_cost tunnelflow hatchflow overflow auto_qmin tot_outflow
2022 9 1 0 0.2900 564.8800 0.0000 3.3697 33.8999 643.8070 0.7936 0.0000 5.9000 0.0000 0.0000 0.0000 5.9000 
2022 9 2 0 0.2600 425.8500 0.0000 3.2904 33.7988 643.7062 0.7902 0.0000 4.7200 0.0000 0.0000 0.0000 4.7200 
2022 9 3 0 0.2400 383.9200 0.0000 2.8695 33.7106 643.6183 0.7873 0.0000 4.1300 0.0000 0.0000 0.0000 4.1300 
2022 9 4 0 0.3000 310.1000 0.0000 3.1407 33.6867 643.5944 0.7865 0.0000 3.7170 0.0000 0.0000 0.0000 3.7170 
2022 9 5 0 0.3000 388.8400 0.0000 0.8377 33.7341 643.6416 0.7881 0.0000 0.5900 0.0000 0.0000 0.0000 0.5900 
2022 9 6 0 0.3100 414.3500 0.0000 0.0879 33.7685 643.6759 0.7892 0.0000 0.0000 0.0000 0.0000 0.0000 0.0000 
2022 9 7 0 0.3000 451.5300 0.0000 2.6998 33.6198 643.5277 0.7843 0.0000 4.7200 0.0000 0.0000 0.0000 4.7200 
2022 9 8 0 0.2800 426.5600 0.0000 3.1715 33.5102 643.4184 0.7806 0.0000 4.7200 0.0000 0.0000 0.0000 4.7200 
2022 9 9 0 0.2600 352.9300 0.0000 3.1995 33.4013 643.3098 0.7770 0.0000 4.7200 0.0000 0.0000 0.0000 4.7200 
2022 9 10 0 0.2500 410.9400 0.0000 3.2000 33.2916 643.2004 0.7733 0.0000 4.7200 0.0000 0.0000 0.0000 4.7200 
2022 9 11 0 0.2700 400.0100 0.0000 3.2000 33.1836 643.0927 0.7698 0.0000 4.7200 0.0000 0.0000 0.0000 4.7200 
2022 9 12 0 0.5500 407.9500 0.0000 3.2000 33.0998 643.0091 0.7670 0.0000 4.7200 0.0000 0.0000 0.0000 4.7200 
2022 9 13 0 1.9500 382.5800 0.0000 3.2000 33.1369 643.0461 0.7682 0.0000 4.7200 0.0000 0.0000 0.0000 4.7200 
2022 9 14 0 1.2600 425.5000 0.0000 3.2000 33.1145 643.0237 0.7675 0.0000 4.7200 0.0000 0.0000 0.0000 4.7200 
2022 9 15 0 1.0100 355.8200 0.0000 3.2000 33.0704 642.9798 0.7660 0.0000 4.7200 0.0000 0.0000 0.0000 4.7200 
2022 9 16 0 0.8200 329.3900 0.0000 3.2000 33.0099 642.9195 0.7640 0.0000 4.7200 0.0000 0.0000 0.0000 4.7200 
2022 9 17 0 0.6700 246.9600 0.0000 2.1891 33.0021 642.9117 0.7637 0.0000 2.9500 0.0000 0.0000 0.0000 2.9500 
2022 9 18 0 0.5400 117.5900 0.0000 3.6955 32.8583 642.7682 0.7589 0.0000 5.9000 0.0000 0.0000 0.0000 5.9000 
2022 9 19 0 0.4500 288.3300 0.0000 3.3084 32.7752 642.6854 0.7562 0.0000 4.7200 0.0000 0.0000 0.0000 4.7200 
2022 9 20 0 0.4100 380.8200 0.0000 3.2068 32.6799 642.5903 0.7530 0.0000 4.7200 0.0000 0.0000 0.0000 4.7200 
2022 9 21 0 0.3800 388.8300 0.0000 3.2001 32.5814 642.4921 0.7497 0.0000 4.7200 0.0000 0.0000 0.0000 4.7200 
2022 9 22 0 0.3500 378.9000 0.0000 3.2000 32.4803 642.3913 0.7464 0.0000 4.7200 0.0000 0.0000 0.0000 4.7200 
2022 9 23 0 0.3700 359.9800 0.0000 3.2000 32.3809 642.2922 0.7431 0.0000 4.7200 0.0000 0.0000 0.0000 4.7200 
2022 9 24 0 0.4000 350.7100 0.0000 3.2000 32.2842 642.1957 0.7399 0.0000 4.7200 0.0000 0.0000 0.0000 4.7200 
2022 9 25 0 0.8900 299.0800 0.0000 3.2000 32.2297 642.1414 0.7380 0.0000 4.7200 0.0000 0.0000 0.0000 4.7200 
2022 9 26 0 1.7700 259.4000 0.0000 3.2000 32.2513 642.1630 0.7388 0.0000 4.7200 0.0000 0.0000 0.0000 4.7200 
2022 9 27 0 2.7400 306.8900 0.0000 3.2000 32.3567 642.2681 0.7423 0.0000 4.7200 0.0000 0.0000 0.0000 4.7200 
2022 9 28 0 5.1200 308.5200 0.0000 3.2000 32.6678 642.5783 0.7526 0.0000 4.7200 0.0000 0.0000 0.0000 4.7200 
2022 9 29 0 3.5400 347.1000 0.0000 3.2000 32.8423 642.7523 0.7584 0.0000 4.7200 0.0000 0.0000 0.0000 4.7200 
2022 9 30 0 2.6700 278.9700 0.0000 3.2000 32.9417 642.8514 0.7617 0.0000 4.7200 0.0000 0.0000 0.0000 4.7200 
2022 10 1 0 5.5800 90.2400 0.0000 3.2000 33.2925 643.2012 0.7734 0.0000 4.7200 0.0000 0.0000 0.0000 4.7200 
2022 10 2 0 5.6600 182.7200 0.0000 3.2000 33.6502 643.5580 0.7853 0.0000 4.7200 0.0000 0.0000 0.0000 4.7200 
2022 10 3 0 4.4400 234.6000 0.0000 3.2000 33.9024 643.8096 0.7937 0.0000 4.7200 0.0000 0.0000 0.0000 4.7200 
2022 10 4 0 3.8000 199.0100 0.0000 3.2000 34.0994 644.0060 0.8002 0.0000 4.7200 0.0000 0.0000 0.0000 4.7200 
2022 10 5 0 5.4300 51.1100 0.0000 3.2000 34.4373 644.3429 0.8114 0.0000 4.7200 0.0000 0.0000 0.0000 4.7200 
2022 10 6 0 7.5400 23.8700 0.0000 3.2000 34.9574 644.8616 0.8287 0.0000 4.7200 0.0000 0.0000 0.0000 4.7200 
2022 10 7 0 4.8800 30.2900 0.0000 3.2000 35.2477 645.1511 0.8384 0.0000 4.7200 0.0000 0.0000 0.0000 4.7200 
2022 10 8 0 4.8500 53.3800 0.0000 3.2000 35.5354 645.4380 0.8479 0.0000 4.7200 0.0000 0.0000 0.0000 4.7200 
2022 10 9 0 3.8300 91.9400 0.0000 3.2000 35.7350 645.6371 0.8546 0.0000 4.7200 0.0000 0.0000 0.0000 4.7200 
2022 10 10 0 3.3700 137.7100 0.0000 3.2000 35.8948 645.7965 0.8599 0.0000 4.7200 0.0000 0.0000 0.0000 4.7200 
2022 10 11 0 3.2800 174.3200 0.0000 3.2000 36.0469 645.9481 0.8649 0.0000 4.7200 0.0000 0.0000 0.0000 4.7200 
2022 10 12 0 2.7700 199.9900 0.0000 3.2000 36.1549 646.0558 0.8685 0.0000 4.7200 0.0000 0.0000 0.0000 4.7200 
2022 10 13 0 2.5500 233.6000 0.0000 3.2000 36.2439 646.1446 0.8715 0.0000 4.7200 0.0000 0.0000 0.0000 4.7200 
2022 10 14 0 2.2600 217.2400 0.0000 3.2000 36.3078 646.2083 0.8736 0.0000 4.7200 0.0000 0.0000 0.0000 4.7200 
2022 10 15 0 3.9400 154.6600 0.0000 3.2000 36.5169 646.4169 0.8806 0.0000 4.7200 0.0000 0.0000 0.0000 4.7200 
2022 10 16 0 4.7500 113.2100 0.0000 3.2000 36.7960 646.6952 0.8898 0.0000 4.7200 0.0000 0.0000 0.0000 4.7200 
2022 10 17 0 4.5000 146.2200 0.0000 3.2000 37.0534 646.9519 0.8984 0.0000 4.7200 0.0000 0.0000 0.0000 4.7200 
2022 10 18 0 4.2600 163.8200 0.0000 3.2000 37.2902 647.1880 0.9063 0.0000 4.7200 0.0000 0.0000 0.0000 4.7200 
2022 10 19 0 3.6700 159.7000 0.0000 3.2000 37.4759 647.3733 0.9124 0.0000 4.7200 0.0000 0.0000 0.0000 4.7200 
2022 10 20 0 3.0000 142.1100 0.0000 3.7496 37.6513 647.5481 0.9183 0.0000 4.7200 0.0000 0.0000 0.0000 4.7200 
2022 10 21 0 2.5200 157.4800 0.0000 4.3889 37.8404 647.7367 0.9246 0.0000 4.7200 0.0000 0.0000 0.0000 4.7200 
2022 10 22 0 2.2200 142.0700 0.0000 4.6135 38.0230 647.9188 0.9306 0.0000 4.7200 0.0000 0.0000 0.0000 4.7200 
2022 10 23 0 2.8100 99.6700 0.0000 5.5439 38.3370 648.2320 0.9411 0.0000 4.7200 0.0000 0.0000 0.0000 4.7200 
2022 10 24 0 3.3600 85.2000 0.0000 6.4887 38.7801 648.6739 0.9558 0.0000 4.7200 0.0000 0.0000 0.0000 4.7200 
2022 10 25 0 3.3100 110.5100 0.0000 6.0538 39.1814 649.0740 0.9691 0.0000 4.7200 0.0000 0.0000 0.0000 4.7200 
2022 10 26 0 5.1600 121.4900 0.0000 12.2249 40.2280 650.1178 1.0039 0.0000 4.7200 0.0000 0.5508 0.0000 5.2708 
2022 10 27 0 3.5900 117.6600 0.0000 10.2885 40.7581 650.6464 1.0215 0.0000 4.7200 0.0000 3.0230 0.0000 7.7430 
2022 10 28 0 2.9100 103.2200 0.0000 8.0637 40.9571 650.8448 1.0282 0.0000 4.7200 0.0000 3.9509 0.0000 8.6709 
2022 10 29 0 3.2900 101.6200 0.0000 8.9434 41.1765 651.0636 1.0355 0.0000 4.7200 0.0000 4.9741 0.0000 9.6941 
2022 10 30 0 2.9400 117.9300 0.0000 8.4375 41.2801 651.1670 1.0389 0.0000 4.7200 0.0000 5.4576 0.0000 10.1776 
2022 10 31 0 2.2000 144.1300 0.0000 5.8148 41.1469 651.0342 1.0345 0.0000 4.7200 0.0000 4.8364 0.0000 9.5564 
2022 11 1 0 2.3300 72.4900 0.0000 5.3790 41.0332 650.9207 1.0307 0.0000 4.7200 0.0000 4.3058 0.0000 9.0258 
2022 11 2 0 3.9600 71.1700 0.0000 8.0930 41.2196 651.1067 1.0369 0.0000 4.7200 0.0000 5.1753 0.0000 9.8953 
2022 11 3 0 7.7600 86.5000 0.0000 16.2791 42.0906 651.9753 1.0658 0.0000 4.7200 0.0000 9.2375 0.0000 13.9575 
2022 11 4 0 8.8200 72.6700 0.0000 16.3968 42.7840 652.6668 1.0889 0.0000 4.7200 0.0000 12.4713 0.0000 17.1913 
2022 11 5 0 8.0900 47.6500 0.0000 13.8928 43.0791 652.9611 1.0987 0.0000 4.7200 0.0000 13.8475 0.0000 18.5675 
2022 11 6 0 6.0700 35.7500 0.0000 10.4875 42.9553 652.8377 1.0946 0.0000 4.7200 0.0000 13.2702 0.0000 17.9902 
2022 11 7 0 8.1700 43.8300 0.0000 12.7150 43.1336 653.0154 1.1005 0.0000 4.7200 0.0000 14.1016 0.0000 18.8216 
2022 11 8 0 7.0600 51.0900 0.0000 11.2734 43.1036 652.9855 1.0995 0.0000 4.7200 0.0000 13.9614 0.0000 18.6814 
2022 11 9 0 8.4200 42.5700 0.0000 12.8852 43.2652 653.1466 1.1049 0.0000 4.7200 0.0000 14.7150 0.0000 19.4350 
2022 11 10 0 6.4700 27.4000 0.0000 10.3121 43.1018 652.9837 1.0995 0.0000 4.7200 0.0000 13.9531 0.0000 18.6731 
2022 11 11 0 5.2000 2.0000 0.0000 8.3623 42.7870 652.6698 1.0890 0.0000 4.7200 0.0000 12.4852 0.0000 17.2052 
2022 11 12 0 4.2000 2.3700 0.0000 6.8551 42.4083 652.2921 1.0764 0.0000 4.7200 0.0000 10.7188 0.0000 15.4388 
2022 11 13 0 3.4700 29.9300 0.0000 5.8132 42.0292 651.9140 1.0638 0.0000 4.7200 0.0000 8.9509 0.0000 13.6709 
2022 11 14 0 3.0100 53.6800 0.0000 5.4377 41.7075 651.5932 1.0531 0.0000 4.7200 0.0000 7.4507 0.0000 12.1707 
2022 11 15 0 3.1400 53.7500 0.0000 6.9125 41.5771 651.4631 1.0488 0.0000 4.7200 0.0000 6.8423 0.0000 11.5623 
2022 11 16 0 3.9700 27.6900 0.0000 10.0511 41.7285 651.6142 1.0538 0.0000 4.7200 0.0000 7.5485 0.0000 12.2685 
2022 11 17 0 5.5800 48.9100 0.0000 18.6852 42.4673 652.3509 1.0784 0.0000 4.7200 0.0000 10.9941 0.0000 15.7141 
2022 11 18 0 3.3000 113.7000 0.0000 10.7433 42.3644 652.2483 1.0749 0.0000 4.7200 0.0000 10.5142 0.0000 15.2342 
2022 11 19 0 2.3200 167.1000 0.0000 6.5416 41.9719 651.8569 1.0619 0.0000 4.7200 0.0000 8.6839 0.0000 13.4039 
2022 11 20 0 2.2300 162.8400 0.0000 6.2041 41.6659 651.5517 1.0517 0.0000 4.7200 0.0000 7.2565 0.0000 11.9765 
2022 11 21 0 1.7300 209.5500 0.0000 5.0443 41.3455 651.2322 1.0411 0.0000 4.7200 0.0000 5.7624 0.0000 10.4824 
2022 11 22 0 1.5000 174.4300 0.0000 4.6377 41.0779 650.9654 1.0322 0.0000 4.7200 0.0000 4.5145 0.0000 9.2345 
2022 11 23 0 1.6500 149.8400 0.0000 4.7144 40.9012 650.7891 1.0263 0.0000 4.7200 0.0000 3.6902 0.0000 8.4102 
2022 11 24 0 2.0000 172.1800 0.0000 4.8511 40.8052 650.6933 1.0231 0.0000 4.7200 0.0000 3.2424 0.0000 7.9624 
2022 11 25 0 3.7200 200.3300 0.0000 5.6121 40.8895 650.7775 1.0259 0.0000 4.7200 0.0000 3.6358 0.0000 8.3558 
2022 11 26 0 5.1600 196.0200 0.0000 8.1625 41.1954 651.0825 1.0361 0.0000 4.7200 0.0000 5.0623 0.0000 9.7823 
2022 11 27 0 5.4000 146.0400 0.0000 10.3940 41.5656 651.4517 1.0484 0.0000 4.7200 0.0000 6.7889 0.0000 11.5089 
2022 11 28 0 8.0300 195.3000 0.0000 12.9996 42.1519 652.0364 1.0679 0.0000 4.7200 0.0000 9.5233 0.0000 14.2433 
2022 11 29 0 5.4600 362.5600 0.0000 9.3637 42.1877 652.0721 1.0691 0.0000 4.7200 0.0000 9.6900 0.0000 14.4100 
2022 11 30 0 3.6200 364.6000 0.0000 6.5239 41.9249 651.8101 1.0603 0.0000 4.7200 0.0000 8.4648 0.0000 13.1848 
2022 12 1 0 2.7200 349.6500 0.0000 5.3056 41.6072 651.4932 1.0498 0.0000 4.7200 0.0000 6.9830 0.0000 11.7030 
2022 12 2 0 2.2400 324.9900 0.0000 4.8845 41.3253 651.2120 1.0404 0.0000 4.7200 0.0000 5.6680 0.0000 10.3880 
2022 12 3 0 1.9100 268.8200 0.0000 4.6289 41.0882 650.9756 1.0325 0.0000 4.7200 0.0000 4.5625 0.0000 9.2825 
2022 12 4 0 1.7000 271.5000 0.0000 4.4754 40.8969 650.7848 1.0262 0.0000 4.7200 0.0000 3.6701 0.0000 8.3901 
2022 12 5 0 1.5400 290.7800 0.0000 4.3683 40.7440 650.6324 1.0211 0.0000 4.7200 0.0000 2.9573 0.0000 7.6773 
2022 12 6 0 1.5300 346.8000 0.0000 4.3242 40.6317 650.5204 1.0173 0.0000 4.7200 0.0000 2.4337 0.0000 7.1537 
2022 12 7 0 1.4900 334.1100 0.0000 4.2903 40.5472 650.4361 1.0145 0.0000 4.7200 0.0000 2.0392 0.0000 6.7592 
2022 12 8 0 1.6000 399.0300 0.0000 3.2448 40.4293 650.3185 1.0106 0.0000 4.7200 0.0000 1.4894 0.0000 6.2094 
2022 12 9 0 1.7300 418.6900 0.0000 3.2006 40.3505 650.2399 1.0080 0.0000 4.7200 0.0000 1.1221 0.0000 5.8421 
2022 12 10 0 1.7200 362.9800 0.0000 3.2000 40.2937 650.1833 1.0061 0.0000 4.7200 0.0000 0.8573 0.0000 5.5773 
2022 12 11 0 1.8500 338.6100 0.0000 3.2000 40.2612 650.1509 1.0050 0.0000 4.7200 0.0000 0.7058 0.0000 5.4258 
2022 12 12 0 1.8700 446.1100 0.0000 0.5043 40.0586 649.9488 0.9983 0.0000 4.7200 0.0000 0.0000 0.0000 4.7200 
2022 12 13 0 1.7800 458.6300 0.0000 0.0285 39.8070 649.6980 0.9899 0.0000 4.7200 0.0000 0.0000 0.0000 4.7200 
2022 12 14 0 1.7000 451.4100 0.0000 0.0005 39.5461 649.4378 0.9813 0.0000 4.7200 0.0000 0.0000 0.0000 4.7200 
2022 12 15 0 1.5500 396.6100 0.0000 0.0000 39.2723 649.1646 0.9722 0.0000 4.7200 0.0000 0.0000 0.0000 4.7200 
2022 12 16 0 1.4000 413.8400 0.0000 0.0000 38.9854 648.8786 0.9626 0.0000 4.7200 0.0000 0.0000 0.0000 4.7200 
2022 12 17 0 1.3500 254.6500 0.0000 0.0000 38.6942 648.5882 0.9529 0.0000 4.7200 0.0000 0.0000 0.0000 4.7200 
2022 12 18 0 1.3600 206.4000 0.0000 0.0000 38.4039 648.2987 0.9433 0.0000 4.7200 0.0000 0.0000 0.0000 4.7200 
2022 12 19 0 1.3600 211.4800 0.0000 0.0000 38.1136 648.0092 0.9336 0.0000 4.7200 0.0000 0.0000 0.0000 4.7200 
2022 12 20 0 1.4500 205.2500 0.0000 1.7017 37.9781 647.8741 0.9291 0.0000 4.7200 0.0000 0.0000 0.0000 4.7200 
2022 12 21 0 1.7600 223.3000 0.0000 3.4594 38.0213 647.9171 0.9306 0.0000 4.7200 0.0000 0.0000 0.0000 4.7200 
2022 12 22 0 1.7500 201.9700 0.0000 3.8353 38.0960 647.9917 0.9331 0.0000 4.7200 0.0000 0.0000 0.0000 4.7200 
2022 12 23 0 1.4000 193.2900 0.0000 3.0262 38.0707 647.9663 0.9322 0.0000 4.7200 0.0000 0.0000 0.0000 4.7200 
2022 12 24 0 1.0900 142.3700 0.0000 2.1881 37.9461 647.8421 0.9281 0.0000 4.7200 0.0000 0.0000 0.0000 4.7200 
2022 12 25 0 0.9800 129.4400 0.0000 1.7458 37.7738 647.6703 0.9223 0.0000 4.7200 0.0000 0.0000 0.0000 4.7200 
2022 12 26 0 1.8300 111.7200 0.0000 2.9134 37.7758 647.6723 0.9224 0.0000 4.7200 0.0000 0.0000 0.0000 4.7200 
2022 12 27 0 1.7500 141.3500 0.0000 2.5963 37.7435 647.6401 0.9213 0.0000 4.7200 0.0000 0.0000 0.0000 4.7200 
2022 12 28 0 1.3800 122.1300 0.0000 1.9257 37.6213 647.5182 0.9173 0.0000 4.7200 0.0000 0.0000 0.0000 4.7200 
2022 12 29 0 1.2800 96.2800 0.0000 1.8079 37.4803 647.3776 0.9126 0.0000 4.7200 0.0000 0.0000 0.0000 4.7200 
2022 12 30 0 1.2000 100.4100 0.0000 1.6738 37.3208 647.2185 0.9073 0.0000 4.7200 0.0000 0.0000 0.0000 4.7200 
2022 12 31 0 1.8000 116.2200 0.0000 2.0220 37.2432 647.1412 0.9047 0.0000 4.7200 0.0000 0.0000 0.0000 4.7200 
2023 1 1 0 1.4300 112.5700 0.0000 1.7660 37.1115 647.0098 0.9003 0.0000 4.7200 0.0000 0.0000 0.0000 4.7200 
2023 1 2 0 1.2200 149.2600 0.0000 1.5280 36.9411 646.8399 0.8947 0.0000 4.7200 0.0000 0.0000 0.0000 4.7200 
2023 1 3 0 1.0900 154.5400 0.0000 1.3741 36.7462 646.6456 0.8882 0.0000 4.7200 0.0000 0.0000 0.0000 4.7200 
2023 1 4 0 1.0200 114.6400 0.0000 1.2670 36.5360 646.4359 0.8812 0.0000 4.7200 0.0000 0.0000 0.0000 4.7200 
2023 1 5 0 1.1400 144.1600 0.0000 1.6469 36.3690 646.2694 0.8756 0.0000 4.7200 0.0000 0.0000 0.0000 4.7200 
2023 1 6 0 1.0400 126.0400 0.0000 1.4968 36.1804 646.0812 0.8694 0.0000 4.7200 0.0000 0.0000 0.0000 4.7200 
2023 1 7 0 1.1100 102.5400 0.0000 1.4791 35.9963 645.8976 0.8633 0.0000 4.7200 0.0000 0.0000 0.0000 4.7200 
2023 1 8 0 3.0300 75.8000 0.0000 2.7014 36.0836 645.9848 0.8662 0.0000 4.7200 0.0000 0.0000 0.0000 4.7200 
2023 1 9 0 4.6800 133.2800 0.0000 4.0375 36.4290 646.3292 0.8776 0.0000 4.7200 0.0000 0.0000 0.0000 4.7200 
2023 1 10 0 3.3700 130.4400 0.0000 3.3044 36.5979 646.4976 0.8833 0.0000 4.7200 0.0000 0.0000 0.0000 4.7200 
2023 1 11 0 2.7300 96.6800 0.0000 2.6949 36.6588 646.5583 0.8853 0.0000 4.7200 0.0000 0.0000 0.0000 4.7200 
2023 1 12 0 2.3300 89.9500 0.0000 2.3017 36.6512 646.5507 0.8850 0.0000 4.7200 0.0000 0.0000 0.0000 4.7200 
2023 1 13 0 1.9700 82.8000 0.0000 1.9653 36.5834 646.4831 0.8828 0.0000 4.7200 0.0000 0.0000 0.0000 4.7200 
2023 1 14 0 1.6800 94.7100 0.0000 1.6856 36.4663 646.3664 0.8789 0.0000 4.7200 0.0000 0.0000 0.0000 4.7200 
2023 1 15 0 1.5900 70.7800 0.0000 1.5666 36.3313 646.2317 0.8744 0.0000 4.7200 0.0000 0.0000 0.0000 4.7200 
2023 1 16 0 1.5500 139.7600 0.0000 1.5087 36.1877 646.0886 0.8696 0.0000 4.7200 0.0000 0.0000 0.0000 4.7200 
2023 1 17 0 1.4600 134.1900 0.0000 1.4246 36.0292 645.9304 0.8643 0.0000 4.7200 0.0000 0.0000 0.0000 4.7200 
2023 1 18 0 1.4800 138.3800 0.0000 1.4192 35.8718 645.7736 0.8591 0.0000 4.7200 0.0000 0.0000 0.0000 4.7200 
2023 1 19 0 1.2700 148.5600 0.0000 1.2767 35.6841 645.5863 0.8529 0.0000 4.7200 0.0000 0.0000 0.0000 4.7200 
2023 1 20 0 1.2000 162.5000 0.0000 1.2178 35.4852 645.3879 0.8463 0.0000 4.7200 0.0000 0.0000 0.0000 4.7200 
2023 1 21 0 1.1300 150.1900 0.0000 1.1514 35.2745 645.1778 0.8393 0.0000 4.7200 0.0000 0.0000 0.0000 4.7200 
2023 1 22 0 1.0900 151.8000 0.0000 1.1406 35.0594 644.9633 0.8321 0.0000 4.7200 0.0000 0.0000 0.0000 4.7200 
2023 1 23 0 1.1800 197.7300 0.0000 1.2832 34.8644 644.7689 0.8256 0.0000 4.7200 0.0000 0.0000 0.0000 4.7200 
2023 1 24 0 1.0800 184.5400 0.0000 1.1990 34.6535 644.5585 0.8186 0.0000 4.7200 0.0000 0.0000 0.0000 4.7200 
2023 1 25 0 1.1300 137.5700 0.0000 1.1811 34.4454 644.3510 0.8117 0.0000 4.7200 0.0000 0.0000 0.0000 4.7200 
2023 1 26 0 1.3300 132.3800 0.0000 1.3064 34.2653 644.1715 0.8057 0.0000 4.7200 0.0000 0.0000 0.0000 4.7200 
2023 1 27 0 1.2600 154.0500 0.0000 1.2697 34.2647 644.1708 0.8057 0.0000 2.5370 0.0000 0.0000 0.0000 2.5370 
2023 1 28 0 1.1600 116.8100 0.0000 1.1764 34.4666 644.3721 0.8124 0.0000 0.0000 0.0000 0.0000 0.0000 0.0000 
2023 1 29 0 1.0800 102.3700 0.0000 1.1019 34.6551 644.5601 0.8187 0.0000 0.0000 0.0000 0.0000 0.0000 0.0000 
2023 1 30 0 1.2100 90.0000 0.0000 1.2002 34.8633 644.7678 0.8256 0.0000 0.0000 0.0000 0.0000 0.0000 0.0000 
2023 1 31 0 1.1400 105.1200 0.0000 1.1852 35.0642 644.9682 0.8323 0.0000 0.0000 0.0000 0.0000 0.0000 0.0000 
2023 2 1 0 1.0500 103.8300 0.0000 1.1129 35.2511 645.1545 0.8385 0.0000 0.0000 0.0000 0.0000 0.0000 0.0000 
2023 2 2 0 1.2600 145.2800 0.0000 1.2355 35.4667 645.3695 0.8457 0.0000 0.0000 0.0000 0.0000 0.0000 0.0000 
2023 2 3 0 1.0900 113.1000 0.0000 1.1154 35.6573 645.5596 0.8520 0.0000 0.0000 0.0000 0.0000 0.0000 0.0000 
2023 2 4 0 0.9100 138.8200 0.0000 0.9483 35.8178 645.7197 0.8573 0.0000 0.0000 0.0000 0.0000 0.0000 0.0000 
2023 2 5 0 0.8600 122.8300 0.0000 0.8710 35.9674 645.8688 0.8623 0.0000 0.0000 0.0000 0.0000 0.0000 0.0000 
2023 2 6 0 0.8000 161.3800 0.0000 0.8100 36.1065 646.0076 0.8669 0.0000 0.0000 0.0000 0.0000 0.0000 0.0000 
2023 2 7 0 0.7500 132.4500 0.0000 0.7500 36.2361 646.1368 0.8712 0.0000 0.0000 0.0000 0.0000 0.0000 0.0000 
2023 2 8 0 0.7200 120.3300 0.0000 0.7153 36.3601 646.2605 0.8753 0.0000 0.0000 0.0000 0.0000 0.0000 0.0000 
2023 2 9 0 0.8400 98.3400 0.0000 0.7945 36.5013 646.4013 0.8800 0.0000 0.0000 0.0000 0.0000 0.0000 0.0000 
2023 2 10 0 0.9000 97.5400 0.0000 0.8512 36.6526 646.5522 0.8851 0.0000 0.0000 0.0000 0.0000 0.0000 0.0000 
2023 2 11 0 0.9700 94.6300 0.0000 0.9101 36.8151 646.7142 0.8905 0.0000 0.0000 0.0000 0.0000 0.0000 0.0000 
2023 2 12 0 1.0400 111.6200 0.0000 0.9616 36.9880 646.8866 0.8962 0.0000 0.0000 0.0000 0.0000 0.0000 0.0000 
2023 2 13 0 1.0400 115.7800 0.0000 0.9695 37.1616 647.0598 0.9020 0.0000 0.0000 0.0000 0.0000 0.0000 0.0000 
2023 2 14 0 1.0300 140.8300 0.0000 0.9616 37.3337 647.2314 0.9077 0.0000 0.0000 0.0000 0.0000 0.0000 0.0000 
2023 2 15 0 0.8600 122.5300 0.0000 0.8422 37.4808 647.3781 0.9126 0.0000 0.0000 0.0000 0.0000 0.0000 0.0000 
2023 2 16 0 0.7900 120.9800 0.0000 0.7707 37.6156 647.5125 0.9171 0.0000 0.0000 0.0000 0.0000 0.0000 0.0000 
2023 2 17 0 0.9400 92.1200 0.0000 0.8701 37.7720 647.6685 0.9223 0.0000 0.0000 0.0000 0.0000 0.0000 0.0000 
2023 2 18 0 1.0200 97.8800 0.0000 0.9562 37.9427 647.8388 0.9280 0.0000 0.0000 0.0000 0.0000 0.0000 0.0000 
2023 2 19 0 1.0800 107.6300 0.0000 1.0198 38.1242 648.0197 0.9340 0.0000 0.0000 0.0000 0.0000 0.0000 0.0000 
2023 2 20 0 1.1600 77.5600 0.0000 1.0884 38.3184 648.2134 0.9404 0.0000 0.0000 0.0000 0.0000 0.0000 0.0000 
2023 2 21 0 1.2400 106.7100 0.0000 1.1499 38.5249 648.4194 0.9473 0.0000 0.0000 0.0000 0.0000 0.0000 0.0000 
2023 2 22 0 1.0700 118.3800 0.0000 1.0499 38.7081 648.6020 0.9534 0.0000 0.0000 0.0000 0.0000 0.0000 0.0000 
2023 2 23 0 1.0800 116.1600 0.0000 1.0901 38.8956 648.7890 0.9596 0.0000 0.0000 0.0000 0.0000 0.0000 0.0000 
2023 2 24 0 1.0100 103.8000 0.0000 1.1499 39.0822 648.9751 0.9658 0.0000 0.0000 0.0000 0.0000 0.0000 0.0000 
2023 2 25 0 1.1500 97.6000 0.0000 1.3785 39.3007 649.1930 0.9731 0.0000 0.0000 0.0000 0.0000 0.0000 0.0000 
2023 2 26 0 1.3500 111.9200 0.0000 1.9231 39.5835 649.4750 0.9825 0.0000 0.0000 0.0000 0.0000 0.0000 0.0000 
2023 2 27 0 1.3800 124.5700 0.0000 2.3179 39.9029 649.7936 0.9931 0.0000 0.0000 0.0000 0.0000 0.0000 0.0000 
2023 2 28 0 1.2100 124.0900 0.0000 2.0566 40.1636 650.0535 1.0018 0.0000 0.0000 0.0000 0.2502 0.0000 0.2502 
2023 3 1 0 1.1400 130.8400 0.0000 1.7843 40.3282 650.2177 1.0073 0.0000 0.0000 0.0000 1.0183 0.0000 1.0183 
2023 3 2 0 1.0600 120.4000 0.0000 1.5823 40.4283 650.3175 1.0106 0.0000 0.0000 0.0000 1.4847 0.0000 1.4847 
2023 3 3 0 0.9400 115.5800 0.0000 1.4338 40.4830 650.3721 1.0124 0.0000 0.0000 0.0000 1.7401 0.0000 1.7401 
2023 3 4 0 0.9200 112.2200 0.0000 2.0431 40.5583 650.4472 1.0149 0.0000 0.0000 0.0000 2.0913 0.0000 2.0913 
2023 3 5 0 0.9900 129.9600 0.0000 3.7034 40.7186 650.6070 1.0202 0.0000 0.0000 0.0000 2.8387 0.0000 2.8387 
2023 3 6 0 0.7500 153.1300 0.0000 3.9835 40.8353 650.7234 1.0241 0.0000 0.0000 0.0000 3.3829 0.0000 3.3829 
2023 3 7 0 0.5500 116.0800 0.0000 3.9997 40.9071 650.7950 1.0265 0.0000 0.0000 0.0000 3.7180 0.0000 3.7180 
2023 3 8 0 0.5800 150.8300 0.0000 4.0000 40.9602 650.8480 1.0283 0.0000 0.0000 0.0000 3.9656 0.0000 3.9656 
2023 3 9 0 0.5000 138.5100 0.0000 4.0000 40.9931 650.8808 1.0294 0.0000 0.0000 0.0000 4.1191 0.0000 4.1191 
2023 3 10 0 0.4600 127.3700 0.0000 4.0000 41.0141 650.9017 1.0301 0.0000 0.0000 0.0000 4.2170 0.0000 4.2170 
2023 3 11 0 0.4300 110.5300 0.0000 4.0000 41.0272 650.9148 1.0305 0.0000 0.0000 0.0000 4.2782 0.0000 4.2782 
2023 3 12 0 0.4400 106.8200 0.0000 4.0000 41.0372 650.9248 1.0308 0.0000 0.0000 0.0000 4.3246 0.0000 4.3246 
2023 3 13 0 0.4500 94.6800 0.0000 4.0000 41.0449 650.9325 1.0311 0.0000 0.0000 0.0000 4.3606 0.0000 4.3606 
2023 3 14 0 0.4700 102.8300 0.0000 4.0000 41.0517 650.9392 1.0313 0.0000 0.0000 0.0000 4.3921 0.0000 4.3921 
2023 3 15 0 0.4400 121.6400 0.0000 4.0000 41.0546 650.9421 1.0314 0.0000 0.0000 0.0000 4.4058 0.0000 4.4058 
2023 3 16 0 0.4100 112.8100 0.0000 4.0000 41.0549 650.9424 1.0314 0.0000 0.0000 0.0000 4.4070 0.0000 4.4070 
2023 3 17 0 0.4800 104.1500 0.0000 4.0000 41.0594 650.9469 1.0316 0.0000 0.0000 0.0000 4.4280 0.0000 4.4280 
2023 3 18 0 0.5700 109.0000 0.0000 4.0000 41.0681 650.9556 1.0319 0.0000 0.0000 0.0000 4.4688 0.0000 4.4688 
2023 3 19 0 0.6100 110.0900 0.0000 4.0000 41.0768 650.9643 1.0321 0.0000 0.0000 0.0000 4.5093 0.0000 4.5093 
2023 3 20 0 0.6800 116.7600 0.0000 4.0000 41.0873 650.9747 1.0325 0.0000 0.0000 0.0000 4.5584 0.0000 4.5584 
2023 3 21 0 0.7000 111.3100 0.0000 4.0000 41.0960 650.9834 1.0328 0.0000 0.0000 0.0000 4.5990 0.0000 4.5990 
2023 3 22 0 0.7100 92.3600 0.0000 4.0000 41.1029 650.9903 1.0330 0.0000 0.0000 0.0000 4.6309 0.0000 4.6309 
2023 3 23 0 0.8200 86.1100 0.0000 4.0000 41.1145 651.0019 1.0334 0.0000 0.0000 0.0000 4.6852 0.0000 4.6852 
2023 3 24 0 1.0700 83.8300 0.0000 4.0000 41.1382 651.0255 1.0342 0.0000 0.0000 0.0000 4.7957 0.0000 4.7957 
2023 3 25 0 1.3200 73.3600 0.0000 4.0000 41.1705 651.0577 1.0353 0.0000 0.0000 0.0000 4.9463 0.0000 4.9463 
2023 3 26 0 1.3500 92.4600 0.0000 4.0000 41.1954 651.0825 1.0361 0.0000 0.0000 0.0000 5.0623 0.0000 5.0623 
2023 3 27 0 1.4000 100.9400 0.0000 4.0000 41.2162 651.1032 1.0368 0.0000 0.0000 0.0000 5.1593 0.0000 5.1593 
2023 3 28 0 1.3100 123.8500 0.0000 4.0000 41.2255 651.1125 1.0371 0.0000 0.0000 0.0000 5.2026 0.0000 5.2026 
2023 3 29 0 0.9900 127.0200 0.0000 4.0000 41.2124 651.0994 1.0366 0.0000 0.0000 0.0000 5.1415 0.0000 5.1415 
2023 3 30 0 0.9100 103.7800 0.0000 4.1162 41.2053 651.0924 1.0364 0.0000 0.0000 0.0000 5.1084 0.0000 5.1084 
2023 3 31 0 1.3100 111.8200 0.0000 3.6955 41.1989 651.0860 1.0362 0.0000 0.0000 0.0000 5.0788 0.0000 5.0788 
2023 4 1 0 2.7800 97.9300 0.0000 3.1602 41.2520 651.1389 1.0380 0.0000 0.0000 0.0000 5.3262 0.0000 5.3262 
2023 4 2 0 2.6600 105.1000 0.0000 3.2872 41.2902 651.1771 1.0392 0.0000 0.0000 0.0000 5.5046 0.0000 5.5046 
2023 4 3 0 1.9200 126.4800 0.0000 2.4085 41.2178 651.1048 1.0368 0.0000 0.0000 0.0000 5.1668 0.0000 5.1668 
2023 4 4 0 1.3000 133.1300 0.0000 1.6752 41.0828 650.9703 1.0323 0.0000 0.0000 0.0000 4.5373 0.0000 4.5373 
2023 4 5 0 1.1600 130.9100 0.0000 1.3437 40.9576 650.8454 1.0282 0.0000 0.0000 0.0000 3.9533 0.0000 3.9533 
2023 4 6 0 1.0000 125.8900 0.0000 1.1580 40.8470 650.7351 1.0245 0.0000 0.0000 0.0000 3.4376 0.0000 3.4376 
2023 4 7 0 0.8700 117.9200 0.0000 0.9983 40.7504 650.6387 1.0213 0.0000 0.0000 0.0000 2.9869 0.0000 2.9869 
2023 4 8 0 0.8300 120.6500 0.0000 0.8805 40.6718 650.5603 1.0187 0.0000 0.0000 0.0000 2.6203 0.0000 2.6203 
2023 4 9 0 0.8300 110.2100 0.0000 0.8053 40.6111 650.4998 1.0167 0.0000 0.0000 0.0000 2.3374 0.0000 2.3374 
2023 4 10 0 0.9000 54.3700 0.0000 0.7900 40.5712 650.4601 1.0153 0.0000 0.0000 0.0000 2.1515 0.0000 2.1515 
2023 4 11 0 3.5100 84.4600 0.0000 1.7452 40.7369 650.6253 1.0208 0.0000 0.4130 0.0000 2.9243 0.0000 3.3373 
2023 4 12 0 3.1400 111.9800 0.0000 2.8002 40.6320 650.5207 1.0174 0.0000 4.7200 0.0000 2.4349 0.0000 7.1549 
2023 4 13 0 3.1400 107.2100 0.0000 3.1748 40.5803 650.4691 1.0156 0.0000 4.7200 0.0000 2.1936 0.0000 6.9136 
2023 4 14 0 3.6900 118.9300 0.0000 3.1995 40.5788 650.4676 1.0156 0.0000 4.7200 0.0000 2.1867 0.0000 6.9067 
2023 4 15 0 3.5700 111.6600 0.0000 3.2000 40.5704 650.4592 1.0153 0.0000 4.7200 0.0000 2.1474 0.0000 6.8674 
2023 4 16 0 3.5800 115.1500 0.0000 3.2000 40.5650 650.4538 1.0151 0.0000 4.7200 0.0000 2.1223 0.0000 6.8423 
2023 4 17 0 3.7900 125.4800 0.0000 3.2000 40.5741 650.4629 1.0154 0.0000 4.7200 0.0000 2.1647 0.0000 6.8847 
2023 4 18 0 4.0200 114.7600 0.0000 3.2000 40.5947 650.4835 1.0161 0.0000 4.7200 0.0000 2.2610 0.0000 6.9810 
2023 4 19 0 4.2200 108.7500 0.0000 3.2000 40.6218 650.5104 1.0170 0.0000 4.7200 0.0000 2.3871 0.0000 7.1071 
2023 4 20 0 4.6100 111.1600 0.0000 3.2000 40.6650 650.5536 1.0185 0.0000 4.7200 0.0000 2.5890 0.0000 7.3090 
2023 4 21 0 5.1600 107.9900 0.0000 3.2000 40.7298 650.6182 1.0206 0.0000 4.7200 0.0000 2.8908 0.0000 7.6108 
2023 4 22 0 5.7700 98.4000 0.0000 3.2000 40.8135 650.7016 1.0234 0.0000 4.7200 0.0000 3.2812 0.0000 8.0012 
2023 4 23 0 7.5400 97.8600 0.0000 3.2000 40.9821 650.8698 1.0290 0.0000 4.7200 0.0000 4.0678 0.0000 8.7878 
2023 4 24 0 7.6900 116.5300 0.0000 3.2000 41.1116 650.9990 1.0333 0.0000 4.7200 0.0000 4.6716 0.0000 9.3916 
2023 4 25 0 6.9900 104.4700 0.0000 3.2000 41.1608 651.0480 1.0349 0.0000 4.7200 0.0000 4.9009 0.0000 9.6209 
2023 4 26 0 6.0000 114.3700 0.0000 3.2000 41.1348 651.0221 1.0341 0.0000 4.7200 0.0000 4.7800 0.0000 9.5000 
2023 4 27 0 4.9200 123.3800 0.0000 3.2000 41.0499 650.9374 1.0312 0.0000 4.7200 0.0000 4.3837 0.0000 9.1037 
2023 4 28 0 4.2400 121.7100 0.0000 3.2000 40.9474 650.8352 1.0278 0.0000 4.7200 0.0000 3.9058 0.0000 8.6258 
2023 4 29 0 3.8000 112.7000 0.0000 3.2000 40.8473 650.7354 1.0245 0.0000 4.7200 0.0000 3.4389 0.0000 8.1589 
2023 4 30 0 3.5400 99.7900 0.0000 3.2000 40.7599 650.6482 1.0216 0.0000 4.7200 0.0000 3.0314 0.0000 7.7514 
2023 5 1 0 3.4100 106.3400 0.0000 3.2000 40.6896 650.5781 1.0193 0.0000 4.7200 0.0000 2.7036 0.0000 7.4236 
2023 5 2 0 3.4800 121.7900 0.0000 3.2000 40.6438 650.5325 1.0177 0.0000 4.7200 0.0000 2.4900 0.0000 7.2100 
2023 5 3 0 3.6300 118.1800 0.0000 3.2000 40.6204 650.5091 1.0170 0.0000 4.7200 0.0000 2.3809 0.0000 7.1009 
2023 5 4 0 3.7100 112.1600 0.0000 3.2000 40.6087 650.4974 1.0166 0.0000 4.7200 0.0000 2.3260 0.0000 7.0460 
2023 5 5 0 3.4500 97.5700 0.0000 3.2000 40.5843 650.4731 1.0158 0.0000 4.7200 0.0000 2.2123 0.0000 6.9323 
2023 5 6 0 3.1800 94.9300 0.0000 3.2000 40.5503 650.4391 1.0146 0.0000 4.7200 0.0000 2.0537 0.0000 6.7737 
2023 5 7 0 3.2300 88.0500 0.0000 3.2000 40.5291 650.4180 1.0139 0.0000 4.7200 0.0000 1.9550 0.0000 6.6750 
2023 5 8 0 3.6300 102.0400 0.0000 3.2000 40.5386 650.4276 1.0143 0.0000 4.7200 0.0000 1.9995 0.0000 6.7195 
2023 5 9 0 5.0500 96.1600 0.0000 3.2000 40.6329 650.5216 1.0174 0.0000 4.7200 0.0000 2.4391 0.0000 7.1591 
2023 5 10 0 8.6400 94.0200 0.0000 3.2000 40.9212 650.8090 1.0270 0.0000 4.7200 0.0000 3.7835 0.0000 8.5035 
2023 5 11 0 9.7000 101.3600 0.0000 5.8536 41.5625 651.4486 1.0483 0.0000 1.3570 0.0000 6.7743 0.0000 8.1313 
2023 5 12 0 10.5400 91.5000 0.0000 11.6207 42.5100 652.3936 1.0798 0.0000 0.0000 0.0000 11.1934 0.0000 11.1934 
2023 5 13 0 11.1600 74.6100 0.0000 13.4763 43.3379 653.2192 1.1073 0.0000 0.0000 0.0000 15.0544 0.0000 15.0544 
2023 5 14 0 10.9900 72.7500 0.0000 13.5884 43.9245 653.8041 1.1268 0.0000 0.0000 0.0000 17.7898 0.0000 17.7898 
2023 5 15 0 11.6700 94.8900 0.0000 15.8302 44.5225 654.4005 1.1467 0.0000 0.0000 0.0000 20.5787 0.0000 20.5787 
2023 5 16 0 12.5900 63.0700 0.0000 21.3424 45.3449 655.2206 1.1740 0.0000 0.0000 0.0000 24.4140 0.0000 24.4140 
2023 5 17 0 10.8400 54.3000 0.0000 26.0449 46.1129 655.9865 1.1996 0.0000 0.0000 0.0000 27.9958 0.0000 27.9958 
2023 5 18 0 8.7900 88.1100 0.0000 19.4323 46.1268 656.0004 1.2000 0.0000 0.0000 0.0000 28.0608 0.0000 28.0608 
2023 5 19 0 7.7900 92.9400 0.0000 16.9429 45.9219 655.7961 1.1932 0.0000 0.0000 0.0000 27.1050 0.0000 27.1050 
2023 5 20 0 7.8000 52.6300 0.0000 16.4258 45.7446 655.6192 1.1873 0.0000 0.0000 0.0000 26.2781 0.0000 26.2781 
2023 5 21 0 7.5500 37.1300 0.0000 15.5279 45.5475 655.4227 1.1808 0.0000 0.0000 0.0000 25.3590 0.0000 25.3590 
2023 5 22 0 7.5700 84.4700 0.0000 14.9636 45.3735 655.2492 1.1750 0.0000 0.0000 0.0000 24.5475 0.0000 24.5475 
2023 5 23 0 9.9000 63.0000 0.0000 18.3321 45.6004 655.4755 1.1825 0.0000 0.0000 0.0000 25.6058 0.0000 25.6058 
2023 5 24 0 9.5400 82.4800 0.0000 19.0537 45.7844 655.6590 1.1886 0.0000 0.0000 0.0000 26.4639 0.0000 26.4639 
2023 5 25 0 8.6400 57.6600 0.0000 17.7665 45.7809 655.6554 1.1885 0.0000 0.0000 0.0000 26.4474 0.0000 26.4474 
2023 5 26 0 8.0200 61.9200 0.0000 18.0311 45.7565 655.6311 1.1877 0.0000 0.0000 0.0000 26.3336 0.0000 26.3336 
2023 5 27 0 7.0600 61.7400 0.0000 16.4173 45.5806 655.4557 1.1819 0.0000 0.0000 0.0000 25.5133 0.0000 25.5133 
2023 5 28 0 5.9100 48.1500 0.0000 13.3387 45.1948 655.0709 1.1690 0.0000 0.0000 0.0000 23.7140 0.0000 23.7140 
2023 5 29 0 4.7600 41.9900 0.0000 10.0378 44.6457 654.5233 1.1508 0.0000 0.0000 0.0000 21.1532 0.0000 21.1532 
2023 5 30 0 4.0400 85.7800 0.0000 8.2208 44.0980 653.9772 1.1326 0.0000 0.0000 0.0000 18.5992 0.0000 18.5992 
2023 5 31 0 3.5300 60.1500 0.0000 7.0578 43.6046 653.4852 1.1162 0.0000 0.0000 0.0000 16.2982 0.0000 16.2982 
2023 6 1 0 3.1400 67.1300 0.0000 6.1805 43.1749 653.0566 1.1019 0.0000 0.0000 0.0000 14.2941 0.0000 14.2941 
2023 6 2 0 2.7100 80.9600 0.0000 5.2124 42.7825 652.6653 1.0888 0.0000 0.0000 0.0000 12.4641 0.0000 12.4641 
2023 6 3 0 2.3300 62.3200 0.0000 4.3960 42.4291 652.3129 1.0771 0.0000 0.0000 0.0000 10.8161 0.0000 10.8161 
2023 6 4 0 2.0500 61.2100 0.0000 3.8806 42.1283 652.0128 1.0671 0.0000 0.0000 0.0000 9.4129 0.0000 9.4129 
2023 6 5 0 1.8200 87.8500 0.0000 3.4501 41.8731 651.7584 1.0586 0.0000 0.0000 0.0000 8.2230 0.0000 8.2230 
2023 6 6 0 1.5900 90.1800 0.0000 3.0046 41.6497 651.5355 1.0512 0.0000 0.0000 0.0000 7.1809 0.0000 7.1809 
2023 6 7 0 1.3800 96.7800 0.0000 2.5999 41.4525 651.3389 1.0446 0.0000 0.0000 0.0000 6.2615 0.0000 6.2615 
2023 6 8 0 1.2000 89.0900 0.0000 2.2457 41.2791 651.1660 1.0389 0.0000 0.0000 0.0000 5.4528 0.0000 5.4528 
2023 6 9 0 1.0300 88.9200 0.0000 1.9308 41.1256 651.0130 1.0338 0.0000 0.0000 0.0000 4.7371 0.0000 4.7371 
2023 6 10 0 0.8800 61.8300 0.0000 1.6479 40.9896 650.8773 1.0292 0.0000 0.0000 0.0000 4.1026 0.0000 4.1026 
2023 6 11 0 0.7600 47.6500 0.0000 1.4086 40.8705 650.7585 1.0253 0.0000 0.0000 0.0000 3.5471 0.0000 3.5471 
2023 6 12 0 0.6500 88.7900 0.0000 1.2241 40.7675 650.6558 1.0219 0.0000 0.0000 0.0000 3.0666 0.0000 3.0666 
2023 6 13 0 0.5700 99.0700 0.0000 1.0793 40.6802 650.5687 1.0190 0.0000 0.0000 0.0000 2.6595 0.0000 2.6595 
2023 6 14 0 0.4900 105.6600 0.0000 0.9327 40.6040 650.4927 1.0164 0.0000 0.0000 0.0000 2.3043 0.0000 2.3043 
2023 6 15 0 0.4400 116.5000 0.0000 0.8329 40.5405 650.4294 1.0143 0.0000 0.0000 0.0000 2.0081 0.0000 2.0081 
2023 6 16 0 0.4100 123.1200 0.0000 0.7674 40.4893 650.3784 1.0126 0.0000 0.0000 0.0000 1.7695 0.0000 1.7695 
2023 6 17 0 0.3800 107.5100 0.0000 0.6988 40.4468 650.3360 1.0112 0.0000 0.0000 0.0000 1.5711 0.0000 1.5711 
2023 6 18 0 0.3600 102.7200 0.0000 0.6544 40.4125 650.3018 1.0101 0.0000 0.0000 0.0000 1.4112 0.0000 1.4112 
2023 6 19 0 0.3400 116.7200 0.0000 0.6433 40.3861 650.2755 1.0092 0.0000 0.0000 0.0000 1.2883 0.0000 1.2883 
2023 6 20 0 0.3500 131.3100 0.0000 0.6761 40.3700 650.2594 1.0086 0.0000 0.0000 0.0000 1.2130 0.0000 1.2130 
2023 6 21 0 0.4000 131.9100 0.0000 0.8930 40.3749 650.2643 1.0088 0.0000 0.0000 0.0000 1.2360 0.0000 1.2360 
2023 6 22 0 0.7800 129.3300 0.0000 2.3461 40.4913 650.3804 1.0127 0.0000 0.0000 0.0000 1.7788 0.0000 1.7788 
2023 6 23 0 0.6100 112.7300 0.0000 2.1628 40.5525 650.4414 1.0147 0.0000 0.0000 0.0000 2.0643 0.0000 2.0643 
2023 6 24 0 0.4700 91.6000 0.0000 1.6579 40.5565 650.4453 1.0148 0.0000 0.0000 0.0000 2.0826 0.0000 2.0826 
2023 6 25 0 0.3800 78.9200 0.0000 1.2531 40.5288 650.4177 1.0139 0.0000 0.0000 0.0000 1.9535 0.0000 1.9535 
2023 6 26 0 0.3600 97.3600 0.0000 1.0171 40.4933 650.3823 1.0127 0.0000 0.0000 0.0000 1.7879 0.0000 1.7879 
2023 6 27 0 0.3800 97.1000 0.0000 0.9140 40.4629 650.3520 1.0117 0.0000 0.0000 0.0000 1.6461 0.0000 1.6461 
2023 6 28 0 0.3600 110.3800 0.0000 0.8905 40.4385 650.3277 1.0109 0.0000 0.0000 0.0000 1.5325 0.0000 1.5325 
2023 6 29 0 0.3500 115.5800 0.0000 0.8486 40.4179 650.3072 1.0102 0.0000 0.0000 0.0000 1.4366 0.0000 1.4366 
2023 6 30 0 0.4100 106.1600 0.0000 0.8422 40.4066 650.2959 1.0099 0.0000 0.0000 0.0000 1.3836 0.0000 1.3836 
2023 7 1 0 0.3900 61.0800 0.0000 0.7784 40.3933 650.2827 1.0094 0.0000 0.0000 0.0000 1.3218 0.0000 1.3218 
2023 7 2 0 0.4300 15.9100 0.0000 0.7656 40.3856 650.2749 1.0092 0.0000 0.0000 0.0000 1.2856 0.0000 1.2856 
2023 7 3 0 0.4200 50.3200 0.0000 0.7630 40.3792 650.2686 1.0090 0.0000 0.0000 0.0000 1.2561 0.0000 1.2561 
2023 7 4 0 0.5500 83.2500 0.0000 0.8743 40.3896 650.2789 1.0093 0.0000 0.0000 0.0000 1.3044 0.0000 1.3044 
2023 7 5 0 0.5400 80.5300 0.0000 0.8980 40.3978 650.2871 1.0096 0.0000 0.0000 0.0000 1.3428 0.0000 1.3428 
2023 7 6 0 0.6100 96.7500 0.0000 1.0087 40.4148 650.3041 1.0101 0.0000 0.0000 0.0000 1.4220 0.0000 1.4220 
2023 7 7 0 0.6500 101.0400 0.0000 1.2988 40.4473 650.3364 1.0112 0.0000 0.0000 0.0000 1.5733 0.0000 1.5733 
2023 7 8 0 0.7800 87.4600 0.0000 2.0687 40.5258 650.4148 1.0138 0.0000 0.0000 0.0000 1.9396 0.0000 1.9396 
2023 7 9 0 0.7800 94.0500 0.0000 2.3834 40.6012 650.4899 1.0163 0.0000 0.0000 0.0000 2.2911 0.0000 2.2911 
2023 7 10 0 0.7300 98.2100 0.0000 2.2465 40.6434 650.5320 1.0177 0.0000 0.0000 0.0000 2.4880 0.0000 2.4880 
2023 7 11 0 0.8500 89.8900 0.0000 2.0883 40.6711 650.5597 1.0187 0.0000 0.0000 0.0000 2.6173 0.0000 2.6173 
2023 7 12 0 1.2400 76.6900 0.0000 2.3671 40.7321 650.6205 1.0207 0.0000 0.0000 0.0000 2.9016 0.0000 2.9016 
2023 7 13 0 1.0800 83.4900 0.0000 2.1705 40.7536 650.6419 1.0214 0.0000 0.0000 0.0000 3.0018 0.0000 3.0018 
2023 7 14 0 0.9200 85.4800 0.0000 1.8491 40.7392 650.6276 1.0209 0.0000 0.0000 0.0000 2.9350 0.0000 2.9350 
2023 7 15 0 1.2000 33.3300 0.0000 1.9915 40.7550 650.6434 1.0214 0.0000 0.0000 0.0000 3.0086 0.0000 3.0086 
2023 7 16 0 2.5600 17.8600 0.0000 3.4710 40.9412 650.8290 1.0276 0.0000 0.0000 0.0000 3.8767 0.0000 3.8767 
2023 7 17 0 3.7600 30.5600 0.0000 5.2373 41.2565 651.1435 1.0381 0.0000 0.0000 0.0000 5.3474 0.0000 5.3474 
2023 7 18 0 3.2200 64.7000 0.0000 4.9641 41.4312 651.3177 1.0439 0.0000 0.0000 0.0000 6.1621 0.0000 6.1621 
2023 7 19 0 2.4900 77.7600 0.0000 3.2319 41.1134 651.0008 1.0334 0.0000 4.7200 0.0000 4.6801 0.0000 9.4001 
2023 7 20 0 2.0500 64.6700 0.0000 3.1981 40.8577 650.7458 1.0249 0.0000 4.7200 0.0000 3.4876 0.0000 8.2076 
2023 7 21 0 1.7300 83.1300 0.0000 3.1999 40.6559 650.5445 1.0181 0.0000 4.7200 0.0000 2.5462 0.0000 7.2662 
2023 7 22 0 1.5200 75.6300 0.0000 3.2000 40.4991 650.3881 1.0129 0.0000 4.7200 0.0000 1.8149 0.0000 6.5349 
2023 7 23 0 1.4800 33.2000 0.0000 3.2000 40.3848 650.2742 1.0091 0.0000 4.7200 0.0000 1.2821 0.0000 6.0021 
2023 7 24 0 1.3100 69.9000 0.0000 3.2000 40.2929 650.1825 1.0061 0.0000 4.7200 0.0000 0.8536 0.0000 5.5736 
2023 7 25 0 1.1200 60.2500 0.0000 3.2000 40.2157 650.1055 1.0035 0.0000 4.7200 0.0000 0.4935 0.0000 5.2135 
2023 7 26 0 1.0100 69.5200 0.0000 3.2000 40.1539 650.0439 1.0015 0.0000 4.7200 0.0000 0.2053 0.0000 4.9253 
2023 7 27 0 0.9100 87.3400 0.0000 3.2000 40.1012 649.9913 0.9997 0.0000 4.7200 0.0000 0.0000 0.0000 4.7200 
2023 7 28 0 0.7900 86.7600 0.0000 3.2000 40.0381 649.9284 0.9976 0.0000 4.7200 0.0000 0.0000 0.0000 4.7200 
2023 7 29 0 0.7000 74.6100 0.0000 3.2000 39.9673 649.8578 0.9953 0.0000 4.7200 0.0000 0.0000 0.0000 4.7200 
2023 7 30 0 0.6800 39.5200 0.0000 3.2000 39.8947 649.7854 0.9928 0.0000 4.7200 0.0000 0.0000 0.0000 4.7200 
2023 7 31 0 0.9200 69.3300 0.0000 3.2000 39.8429 649.7337 0.9911 0.0000 4.7200 0.0000 0.0000 0.0000 4.7200 
2023 8 1 0 0.7400 73.8700 0.0000 3.2000 39.7755 649.6665 0.9889 0.0000 4.7200 0.0000 0.0000 0.0000 4.7200 
2023 8 2 0 0.5700 64.7500 0.0000 3.2000 39.6934 649.5847 0.9862 0.0000 4.7200 0.0000 0.0000 0.0000 4.7200 
2023 8 3 0 0.4900 43.5500 0.0000 3.2000 39.6044 649.4959 0.9832 0.0000 4.7200 0.0000 0.0000 0.0000 4.7200 
2023 8 4 0 0.4500 62.1300 0.0000 3.2000 39.5120 649.4037 0.9801 0.0000 4.7200 0.0000 0.0000 0.0000 4.7200 
2023 8 5 0 0.4400 76.9400 0.0000 3.2000 39.4187 649.3107 0.9770 0.0000 4.7200 0.0000 0.0000 0.0000 4.7200 
2023 8 6 0 0.4100 57.5500 0.0000 3.2000 39.3228 649.2150 0.9738 0.0000 4.7200 0.0000 0.0000 0.0000 4.7200 
2023 8 7 0 0.3900 16.8300 0.0000 3.2000 39.2251 649.1176 0.9706 0.0000 4.7200 0.0000 0.0000 0.0000 4.7200 
2023 8 8 0 0.9400 0.0400 0.0000 3.2000 39.1750 649.0677 0.9689 0.0000 4.7200 0.0000 0.0000 0.0000 4.7200 
2023 8 9 0 1.0100 14.7000 0.0000 3.2000 39.1309 649.0237 0.9675 0.0000 4.7200 0.0000 0.0000 0.0000 4.7200 
2023 8 10 0 0.8900 51.2900 0.0000 3.2000 39.0765 648.9694 0.9656 0.0000 4.7200 0.0000 0.0000 0.0000 4.7200 
2023 8 11 0 0.9000 72.3800 0.0000 3.2000 39.0229 648.9160 0.9639 0.0000 4.7200 0.0000 0.0000 0.0000 4.7200 
2023 8 12 0 0.7100 69.7000 0.0000 3.2000 38.9530 648.8462 0.9615 0.0000 4.7200 0.0000 0.0000 0.0000 4.7200 
2023 8 13 0 0.5900 63.1900 0.0000 3.2000 38.8726 648.7661 0.9589 0.0000 4.7200 0.0000 0.0000 0.0000 4.7200 
2023 8 14 0 0.5700 85.9500 0.0000 3.2000 38.7905 648.6842 0.9561 0.0000 4.7200 0.0000 0.0000 0.0000 4.7200 
2023 8 15 0 1.5600 82.7300 0.0000 3.2000 38.7940 648.6877 0.9563 0.0000 4.7200 0.0000 0.0000 0.0000 4.7200 
2023 8 16 0 2.0000 93.5300 0.0000 3.2000 38.8355 648.7291 0.9576 0.0000 4.7200 0.0000 0.0000 0.0000 4.7200 
2023 8 17 0 1.6500 92.9900 0.0000 3.2000 38.8467 648.7403 0.9580 0.0000 4.7200 0.0000 0.0000 0.0000 4.7200 
2023 8 18 0 1.3700 84.3900 0.0000 3.2000 38.8337 648.7273 0.9576 0.0000 4.7200 0.0000 0.0000 0.0000 4.7200 
2023 8 19 0 1.2900 48.8800 0.0000 3.2000 38.8139 648.7075 0.9569 0.0000 4.7200 0.0000 0.0000 0.0000 4.7200 
2023 8 20 0 2.3700 75.6000 0.0000 3.2000 38.8873 648.7808 0.9594 0.0000 4.7200 0.0000 0.0000 0.0000 4.7200 
2023 8 21 0 1.8300 88.4800 0.0000 3.2000 38.9141 648.8075 0.9602 0.0000 4.7200 0.0000 0.0000 0.0000 4.7200 
2023 8 22 0 1.4800 92.0800 0.0000 3.2000 38.9106 648.8040 0.9601 0.0000 4.7200 0.0000 0.0000 0.0000 4.7200 
2023 8 23 0 1.2600 99.5400 0.0000 3.2000 38.8882 648.7816 0.9594 0.0000 4.7200 0.0000 0.0000 0.0000 4.7200 
2023 8 24 0 1.0700 99.6900 0.0000 3.2000 38.8493 648.7428 0.9581 0.0000 4.7200 0.0000 0.0000 0.0000 4.7200 
2023 8 25 0 1.4100 93.1800 0.0000 3.2000 38.8398 648.7334 0.9578 0.0000 4.7200 0.0000 0.0000 0.0000 4.7200 
2023 8 26 0 2.2100 87.9600 0.0000 3.2000 38.8994 648.7928 0.9598 0.0000 4.7200 0.0000 0.0000 0.0000 4.7200 
2023 8 27 0 2.3400 89.4800 0.0000 3.2000 38.9702 648.8635 0.9621 0.0000 4.7200 0.0000 0.0000 0.0000 4.7200 
2023 8 28 0 1.8200 91.8000 0.0000 3.2000 38.9962 648.8893 0.9630 0.0000 4.7200 0.0000 0.0000 0.0000 4.7200 
2023 8 29 0 1.4800 95.0600 0.0000 3.2000 38.9927 648.8859 0.9629 0.0000 4.7200 0.0000 0.0000 0.0000 4.7200 
2023 8 30 0 1.2500 99.5900 0.0000 3.2000 38.9694 648.8626 0.9621 0.0000 4.7200 0.0000 0.0000 0.0000 4.7200 
2023 8 31 0 1.1200 97.2200 0.0000 3.2000 38.9348 648.8281 0.9609 0.0000 4.7200 0.0000 0.0000 0.0000 4.7200 
