RESERVOIR node 0 HJELLE
reservoir_init_fr= 1.00000  masl=749.735
Filling at HRW [Mm3] = 12.03297
Filling at LRW [Mm3] = 3.00824
Active reservoir capacity [Mm3] = 9.02473
yyyy mm dd hh [m3/s] [Euro/MWh] [fr] [m3/s] [Mm3] [masl] [fr] [Euro]         [m3/s]     [m3/s]    [m3/s]   [m3/s]    [m3/s] 
yyyy mm dd hh Inflow Price Action Up_Inflow Res_Mm3 Res_masl Res_fr lrw_cost tunnelflow hatchflow overflow auto_qmin tot_outflow
2022 9 1 0 0.3500 564.8800 0.0000 0.0000 11.7176 756.6855 0.9651 0.0000 4.0000 0.0000 0.0000 0.0000 4.0000 
2022 9 2 0 0.3100 425.8500 0.0000 0.0000 11.4679 756.4365 0.9374 0.0000 3.2000 0.0000 0.0000 0.0000 3.2000 
2022 9 3 0 0.2800 383.9200 0.0000 0.0000 11.2502 756.2194 0.9133 0.0000 2.8000 0.0000 0.0000 0.0000 2.8000 
2022 9 4 0 0.3200 310.1000 0.0000 0.0000 11.0014 755.9712 0.8857 0.0000 3.2000 0.0000 0.0000 0.0000 3.2000 
2022 9 5 0 0.3800 388.8400 0.0000 0.0000 10.9996 755.9695 0.8855 0.0000 0.4000 0.0000 0.0000 0.0000 0.4000 
2022 9 6 0 0.4600 414.3500 0.0000 0.0000 11.0394 756.0091 0.8899 0.0000 0.0000 0.0000 0.0000 0.0000 0.0000 
2022 9 7 0 0.4700 451.5300 0.0000 0.0000 10.8035 755.7739 0.8638 0.0000 3.2000 0.0000 0.0000 0.0000 3.2000 
2022 9 8 0 0.4200 426.5600 0.0000 0.0000 10.5633 755.5344 0.8372 0.0000 3.2000 0.0000 0.0000 0.0000 3.2000 
2022 9 9 0 0.3800 352.9300 0.0000 0.0000 10.3197 755.2914 0.8102 0.0000 3.2000 0.0000 0.0000 0.0000 3.2000 
2022 9 10 0 0.4000 410.9400 0.0000 0.0000 10.0777 755.0501 0.7833 0.0000 3.2000 0.0000 0.0000 0.0000 3.2000 
2022 9 11 0 0.4800 400.0100 0.0000 0.0000 9.8427 754.8158 0.7573 0.0000 3.2000 0.0000 0.0000 0.0000 3.2000 
2022 9 12 0 0.7000 407.9500 0.0000 0.0000 9.6267 754.6004 0.7334 0.0000 3.2000 0.0000 0.0000 0.0000 3.2000 
2022 9 13 0 1.9000 382.5800 0.0000 0.0000 9.5144 754.4883 0.7209 0.0000 3.2000 0.0000 0.0000 0.0000 3.2000 
2022 9 14 0 1.3500 425.5000 0.0000 0.0000 9.3546 754.3289 0.7032 0.0000 3.2000 0.0000 0.0000 0.0000 3.2000 
2022 9 15 0 1.1200 355.8200 0.0000 0.0000 9.1749 754.1497 0.6833 0.0000 3.2000 0.0000 0.0000 0.0000 3.2000 
2022 9 16 0 0.9200 329.3900 0.0000 0.0000 8.9779 753.9533 0.6615 0.0000 3.2000 0.0000 0.0000 0.0000 3.2000 
2022 9 17 0 0.7600 246.9600 0.0000 0.0000 8.8707 753.8464 0.6496 0.0000 2.0000 0.0000 0.0000 0.0000 2.0000 
2022 9 18 0 0.6100 117.5900 0.0000 0.0000 8.5778 753.5543 0.6171 0.0000 4.0000 0.0000 0.0000 0.0000 4.0000 
2022 9 19 0 0.5100 288.3300 0.0000 0.0000 8.3454 753.3226 0.5914 0.0000 3.2000 0.0000 0.0000 0.0000 3.2000 
2022 9 20 0 0.4500 380.8200 0.0000 0.0000 8.1078 753.0856 0.5651 0.0000 3.2000 0.0000 0.0000 0.0000 3.2000 
2022 9 21 0 0.4100 388.8300 0.0000 0.0000 7.8668 752.8452 0.5384 0.0000 3.2000 0.0000 0.0000 0.0000 3.2000 
2022 9 22 0 0.3900 378.9000 0.0000 0.0000 7.6240 752.6031 0.5115 0.0000 3.2000 0.0000 0.0000 0.0000 3.2000 
2022 9 23 0 0.3900 359.9800 0.0000 0.0000 7.3812 752.3610 0.4846 0.0000 3.2000 0.0000 0.0000 0.0000 3.2000 
2022 9 24 0 0.4100 350.7100 0.0000 0.0000 7.1401 752.1206 0.4578 0.0000 3.2000 0.0000 0.0000 0.0000 3.2000 
2022 9 25 0 2.0800 299.0800 0.0000 0.0000 7.0434 752.0241 0.4471 0.0000 3.2000 0.0000 0.0000 0.0000 3.2000 
2022 9 26 0 3.4100 259.4000 0.0000 0.0000 7.0615 752.0422 0.4491 0.0000 3.2000 0.0000 0.0000 0.0000 3.2000 
2022 9 27 0 4.2500 306.8900 0.0000 0.0000 7.1522 752.1326 0.4592 0.0000 3.2000 0.0000 0.0000 0.0000 3.2000 
2022 9 28 0 5.8100 308.5200 0.0000 0.0000 7.3777 752.3575 0.4842 0.0000 3.2000 0.0000 0.0000 0.0000 3.2000 
2022 9 29 0 3.8800 347.1000 0.0000 0.0000 7.4365 752.4161 0.4907 0.0000 3.2000 0.0000 0.0000 0.0000 3.2000 
2022 9 30 0 2.9200 278.9700 0.0000 0.0000 7.4123 752.3920 0.4880 0.0000 3.2000 0.0000 0.0000 0.0000 3.2000 
2022 10 1 0 5.5200 90.2400 0.0000 0.0000 7.6127 752.5919 0.5102 0.0000 3.2000 0.0000 0.0000 0.0000 3.2000 
2022 10 2 0 6.6000 182.7200 0.0000 0.0000 7.9065 752.8848 0.5428 0.0000 3.2000 0.0000 0.0000 0.0000 3.2000 
2022 10 3 0 5.8000 234.6000 0.0000 0.0000 8.1311 753.1089 0.5677 0.0000 3.2000 0.0000 0.0000 0.0000 3.2000 
2022 10 4 0 5.6700 199.0100 0.0000 0.0000 8.3446 753.3217 0.5913 0.0000 3.2000 0.0000 0.0000 0.0000 3.2000 
2022 10 5 0 11.5200 51.1100 0.0000 0.0000 9.0634 754.0386 0.6710 0.0000 3.2000 0.0000 0.0000 0.0000 3.2000 
2022 10 6 0 16.9100 23.8700 0.0000 0.0000 10.2479 755.2199 0.8022 0.0000 3.2000 0.0000 0.0000 0.0000 3.2000 
2022 10 7 0 6.8200 30.2900 0.0000 0.0000 10.5607 755.5318 0.8369 0.0000 3.2000 0.0000 0.0000 0.0000 3.2000 
2022 10 8 0 5.7800 53.3800 0.0000 0.0000 10.7836 755.7541 0.8616 0.0000 3.2000 0.0000 0.0000 0.0000 3.2000 
2022 10 9 0 4.5600 91.9400 0.0000 0.0000 10.9011 755.8713 0.8746 0.0000 3.2000 0.0000 0.0000 0.0000 3.2000 
2022 10 10 0 3.9300 137.7100 0.0000 0.0000 10.9642 755.9342 0.8816 0.0000 3.2000 0.0000 0.0000 0.0000 3.2000 
2022 10 11 0 3.7400 174.3200 0.0000 0.0000 11.0109 755.9807 0.8867 0.0000 3.2000 0.0000 0.0000 0.0000 3.2000 
2022 10 12 0 3.2100 199.9900 0.0000 0.0000 11.0117 755.9816 0.8868 0.0000 3.2000 0.0000 0.0000 0.0000 3.2000 
2022 10 13 0 2.8500 233.6000 0.0000 0.0000 10.9815 755.9514 0.8835 0.0000 3.2000 0.0000 0.0000 0.0000 3.2000 
2022 10 14 0 2.4700 217.2400 0.0000 0.0000 10.9184 755.8885 0.8765 0.0000 3.2000 0.0000 0.0000 0.0000 3.2000 
2022 10 15 0 3.8100 154.6600 0.0000 0.0000 10.9711 755.9411 0.8823 0.0000 3.2000 0.0000 0.0000 0.0000 3.2000 
2022 10 16 0 4.4300 113.2100 0.0000 0.0000 11.0774 756.0470 0.8941 0.0000 3.2000 0.0000 0.0000 0.0000 3.2000 
2022 10 17 0 4.1600 146.2200 0.0000 0.0000 11.1603 756.1298 0.9033 0.0000 3.2000 0.0000 0.0000 0.0000 3.2000 
2022 10 18 0 3.9000 163.8200 0.0000 0.0000 11.2208 756.1901 0.9100 0.0000 3.2000 0.0000 0.0000 0.0000 3.2000 
2022 10 19 0 3.3700 159.7000 0.0000 0.0000 11.2355 756.2047 0.9116 0.0000 3.2000 0.0000 0.0000 0.0000 3.2000 
2022 10 20 0 2.7600 142.1100 0.0000 0.0000 11.1975 756.1668 0.9074 0.0000 3.2000 0.0000 0.0000 0.0000 3.2000 
2022 10 21 0 2.3900 157.4800 0.0000 0.0000 11.1275 756.0970 0.8997 0.0000 3.2000 0.0000 0.0000 0.0000 3.2000 
2022 10 22 0 2.2700 142.0700 0.0000 0.0000 11.0471 756.0169 0.8908 0.0000 3.2000 0.0000 0.0000 0.0000 3.2000 
2022 10 23 0 4.9200 99.6700 0.0000 0.0000 11.1958 756.1651 0.9072 0.0000 3.2000 0.0000 0.0000 0.0000 3.2000 
2022 10 24 0 6.5900 85.2000 0.0000 0.0000 11.4886 756.4572 0.9397 0.0000 3.2000 0.0000 0.0000 0.0000 3.2000 
2022 10 25 0 4.7700 110.5100 0.0000 0.0000 11.6243 756.5924 0.9547 0.0000 3.2000 0.0000 0.0000 0.0000 3.2000 
2022 10 26 0 11.7500 121.4900 0.0000 0.0000 12.0330 757.0000 1.0000 0.0000 3.2000 0.0000 3.8200 0.0000 7.0200 
2022 10 27 0 6.6800 117.6600 0.0000 0.0000 12.0330 757.0000 1.0000 0.0000 3.2000 0.0000 3.4800 0.0000 6.6800 
2022 10 28 0 4.9600 103.2200 0.0000 0.0000 12.0330 757.0000 1.0000 0.0000 3.2000 0.0000 1.7600 0.0000 4.9600 
2022 10 29 0 5.9400 101.6200 0.0000 0.0000 12.0330 757.0000 1.0000 0.0000 3.2000 0.0000 2.7400 0.0000 5.9400 
2022 10 30 0 5.4200 117.9300 0.0000 0.0000 12.0330 757.0000 1.0000 0.0000 3.2000 0.0000 2.2200 0.0000 5.4200 
2022 10 31 0 3.3700 144.1300 0.0000 0.0000 12.0330 757.0000 1.0000 0.0000 3.2000 0.0000 0.1700 0.0000 3.3700 
2022 11 1 0 3.3700 72.4900 0.0000 0.0000 12.0330 757.0000 1.0000 0.0000 3.2000 0.0000 0.1700 0.0000 3.3700 
2022 11 2 0 5.4300 71.1700 0.0000 0.0000 12.0330 757.0000 1.0000 0.0000 3.2000 0.0000 2.2300 0.0000 5.4300 
2022 11 3 0 10.8000 86.5000 0.0000 0.0000 12.0330 757.0000 1.0000 0.0000 3.2000 0.0000 7.6000 0.0000 10.8000 
2022 11 4 0 9.9300 72.6700 0.0000 0.0000 12.0330 757.0000 1.0000 0.0000 3.2000 0.0000 6.7300 0.0000 9.9300 
2022 11 5 0 8.1600 47.6500 0.0000 0.0000 12.0330 757.0000 1.0000 0.0000 3.2000 0.0000 4.9600 0.0000 8.1600 
2022 11 6 0 6.0300 35.7500 0.0000 0.0000 12.0330 757.0000 1.0000 0.0000 3.2000 0.0000 2.8300 0.0000 6.0300 
2022 11 7 0 7.6100 43.8300 0.0000 0.0000 12.0330 757.0000 1.0000 0.0000 3.2000 0.0000 4.4100 0.0000 7.6100 
2022 11 8 0 6.5400 51.0900 0.0000 0.0000 12.0330 757.0000 1.0000 0.0000 3.2000 0.0000 3.3400 0.0000 6.5400 
2022 11 9 0 7.6100 42.5700 0.0000 0.0000 12.0330 757.0000 1.0000 0.0000 3.2000 0.0000 4.4100 0.0000 7.6100 
2022 11 10 0 5.8800 27.4000 0.0000 0.0000 12.0330 757.0000 1.0000 0.0000 3.2000 0.0000 2.6800 0.0000 5.8800 
2022 11 11 0 4.7500 2.0000 0.0000 0.0000 12.0330 757.0000 1.0000 0.0000 3.2000 0.0000 1.5500 0.0000 4.7500 
2022 11 12 0 3.8900 2.3700 0.0000 0.0000 12.0330 757.0000 1.0000 0.0000 3.2000 0.0000 0.6900 0.0000 3.8900 
2022 11 13 0 3.3300 29.9300 0.0000 0.0000 12.0334 757.0005 1.0001 0.0000 3.2000 0.0000 0.1245 0.0000 3.3245 
2022 11 14 0 3.2500 53.6800 0.0000 0.0000 12.0348 757.0018 1.0002 0.0000 3.2000 0.0000 0.0347 0.0000 3.2347 
2022 11 15 0 4.5500 53.7500 0.0000 0.0000 12.0330 757.0000 1.0000 0.0000 3.2000 0.0000 1.3708 0.0000 4.5708 
2022 11 16 0 6.8400 27.6900 0.0000 0.0000 12.0330 757.0000 1.0000 0.0000 3.2000 0.0000 3.6400 0.0000 6.8400 
2022 11 17 0 13.0900 48.9100 0.0000 0.0000 12.0330 757.0000 1.0000 0.0000 3.2000 0.0000 9.8900 0.0000 13.0900 
2022 11 18 0 6.3900 113.7000 0.0000 0.0000 12.0330 757.0000 1.0000 0.0000 3.2000 0.0000 3.1900 0.0000 6.3900 
2022 11 19 0 3.7700 167.1000 0.0000 0.0000 12.0330 757.0000 1.0000 0.0000 3.2000 0.0000 0.5700 0.0000 3.7700 
2022 11 20 0 4.0300 162.8400 0.0000 0.0000 12.0330 757.0000 1.0000 0.0000 3.2000 0.0000 0.8300 0.0000 4.0300 
2022 11 21 0 2.7600 209.5500 0.0000 0.0000 11.9950 756.9621 0.9958 0.0000 3.2000 0.0000 0.0000 0.0000 3.2000 
2022 11 22 0 2.3000 174.4300 0.0000 0.0000 11.9172 756.8845 0.9872 0.0000 3.2000 0.0000 0.0000 0.0000 3.2000 
2022 11 23 0 2.8500 149.8400 0.0000 0.0000 11.8870 756.8544 0.9838 0.0000 3.2000 0.0000 0.0000 0.0000 3.2000 
2022 11 24 0 2.9700 172.1800 0.0000 0.0000 11.8671 756.8346 0.9816 0.0000 3.2000 0.0000 0.0000 0.0000 3.2000 
2022 11 25 0 4.0900 200.3300 0.0000 0.0000 11.9440 756.9113 0.9901 0.0000 3.2000 0.0000 0.0000 0.0000 3.2000 
2022 11 26 0 5.8800 196.0200 0.0000 0.0000 12.0330 757.0000 1.0000 0.0000 3.2000 0.0000 1.6500 0.0000 4.8500 
2022 11 27 0 6.6100 146.0400 0.0000 0.0000 12.0330 757.0000 1.0000 0.0000 3.2000 0.0000 3.4100 0.0000 6.6100 
2022 11 28 0 7.8300 195.3000 0.0000 0.0000 12.0330 757.0000 1.0000 0.0000 3.2000 0.0000 4.6300 0.0000 7.8300 
2022 11 29 0 5.3000 362.5600 0.0000 0.0000 12.0330 757.0000 1.0000 0.0000 3.2000 0.0000 2.1000 0.0000 5.3000 
2022 11 30 0 3.6200 364.6000 0.0000 0.0000 12.0330 757.0000 1.0000 0.0000 3.2000 0.0000 0.4200 0.0000 3.6200 
2022 12 1 0 2.7800 349.6500 0.0000 0.0000 11.9967 756.9638 0.9960 0.0000 3.2000 0.0000 0.0000 0.0000 3.2000 
2022 12 2 0 2.3500 324.9900 0.0000 0.0000 11.9232 756.8906 0.9878 0.0000 3.2000 0.0000 0.0000 0.0000 3.2000 
2022 12 3 0 1.9800 268.8200 0.0000 0.0000 11.8178 756.7855 0.9762 0.0000 3.2000 0.0000 0.0000 0.0000 3.2000 
2022 12 4 0 1.8200 271.5000 0.0000 0.0000 11.6986 756.6665 0.9629 0.0000 3.2000 0.0000 0.0000 0.0000 3.2000 
2022 12 5 0 1.7000 290.7800 0.0000 0.0000 11.5690 756.5373 0.9486 0.0000 3.2000 0.0000 0.0000 0.0000 3.2000 
2022 12 6 0 1.6900 346.8000 0.0000 0.0000 11.4385 756.4072 0.9341 0.0000 3.2000 0.0000 0.0000 0.0000 3.2000 
2022 12 7 0 1.6500 334.1100 0.0000 0.0000 11.3046 756.2736 0.9193 0.0000 3.2000 0.0000 0.0000 0.0000 3.2000 
2022 12 8 0 1.7400 399.0300 0.0000 0.0000 11.1785 756.1478 0.9053 0.0000 3.2000 0.0000 0.0000 0.0000 3.2000 
2022 12 9 0 1.8700 418.6900 0.0000 0.0000 11.0636 756.0332 0.8926 0.0000 3.2000 0.0000 0.0000 0.0000 3.2000 
2022 12 10 0 1.8700 362.9800 0.0000 0.0000 10.9486 755.9187 0.8799 0.0000 3.2000 0.0000 0.0000 0.0000 3.2000 
2022 12 11 0 1.9800 338.6100 0.0000 0.0000 10.8432 755.8135 0.8682 0.0000 3.2000 0.0000 0.0000 0.0000 3.2000 
2022 12 12 0 1.9900 446.1100 0.0000 0.0000 11.0152 755.9850 0.8872 0.0000 0.0000 0.0000 0.0000 0.0000 0.0000 
2022 12 13 0 1.9000 458.6300 0.0000 0.0000 11.1793 756.1487 0.9054 0.0000 0.0000 0.0000 0.0000 0.0000 0.0000 
2022 12 14 0 1.7900 451.4100 0.0000 0.0000 11.3340 756.3029 0.9225 0.0000 0.0000 0.0000 0.0000 0.0000 0.0000 
2022 12 15 0 1.6600 396.6100 0.0000 0.0000 11.4774 756.4460 0.9384 0.0000 0.0000 0.0000 0.0000 0.0000 0.0000 
2022 12 16 0 1.5700 413.8400 0.0000 0.0000 11.6131 756.5812 0.9535 0.0000 0.0000 0.0000 0.0000 0.0000 0.0000 
2022 12 17 0 1.5100 254.6500 0.0000 0.0000 11.7435 756.7114 0.9679 0.0000 0.0000 0.0000 0.0000 0.0000 0.0000 
2022 12 18 0 1.5500 206.4000 0.0000 0.0000 11.8774 756.8449 0.9828 0.0000 0.0000 0.0000 0.0000 0.0000 0.0000 
2022 12 19 0 1.6900 211.4800 0.0000 0.0000 12.0235 756.9905 0.9989 0.0000 0.0000 0.0000 0.0000 0.0000 0.0000 
2022 12 20 0 2.1300 205.2500 0.0000 0.0000 12.0330 757.0000 1.0000 0.0000 0.0000 0.0000 2.0200 0.0000 2.0200 
2022 12 21 0 3.7500 223.3000 0.0000 0.0000 12.0330 757.0000 1.0000 0.0000 0.0000 0.0000 3.7500 0.0000 3.7500 
2022 12 22 0 3.8700 201.9700 0.0000 0.0000 12.0330 757.0000 1.0000 0.0000 0.0000 0.0000 3.8700 0.0000 3.8700 
2022 12 23 0 2.8700 193.2900 0.0000 0.0000 12.0330 757.0000 1.0000 0.0000 0.0000 0.0000 2.8700 0.0000 2.8700 
2022 12 24 0 2.0500 142.3700 0.0000 0.0000 12.0330 757.0000 1.0000 0.0000 0.0000 0.0000 2.0500 0.0000 2.0500 
2022 12 25 0 1.6800 129.4400 0.0000 0.0000 12.0330 757.0000 1.0000 0.0000 0.0000 0.0000 1.6800 0.0000 1.6800 
2022 12 26 0 3.1400 111.7200 0.0000 0.0000 12.0330 757.0000 1.0000 0.0000 0.0000 0.0000 3.1400 0.0000 3.1400 
2022 12 27 0 2.5100 141.3500 0.0000 0.0000 12.0330 757.0000 1.0000 0.0000 0.0000 0.0000 2.5100 0.0000 2.5100 
2022 12 28 0 1.8100 122.1300 0.0000 0.0000 12.0330 757.0000 1.0000 0.0000 0.0000 0.0000 1.8100 0.0000 1.8100 
2022 12 29 0 1.8000 96.2800 0.0000 0.0000 12.0330 757.0000 1.0000 0.0000 0.0000 0.0000 1.8000 0.0000 1.8000 
2022 12 30 0 1.6500 100.4100 0.0000 0.0000 12.0330 757.0000 1.0000 0.0000 0.0000 0.0000 1.6500 0.0000 1.6500 
2022 12 31 0 2.0900 116.2200 0.0000 0.0000 12.0330 757.0000 1.0000 0.0000 0.0000 0.0000 2.0900 0.0000 2.0900 
2023 1 1 0 1.7100 112.5700 0.0000 0.0000 12.0330 757.0000 1.0000 0.0000 0.0000 0.0000 1.7100 0.0000 1.7100 
2023 1 2 0 1.4900 149.2600 0.0000 0.0000 12.0330 757.0000 1.0000 0.0000 0.0000 0.0000 1.4900 0.0000 1.4900 
2023 1 3 0 1.3500 154.5400 0.0000 0.0000 12.0330 757.0000 1.0000 0.0000 0.0000 0.0000 1.3500 0.0000 1.3500 
2023 1 4 0 1.2500 114.6400 0.0000 0.0000 12.0330 757.0000 1.0000 0.0000 0.0000 0.0000 1.2500 0.0000 1.2500 
2023 1 5 0 1.7200 144.1600 0.0000 0.0000 12.0330 757.0000 1.0000 0.0000 0.0000 0.0000 1.7200 0.0000 1.7200 
2023 1 6 0 1.4600 126.0400 0.0000 0.0000 12.0330 757.0000 1.0000 0.0000 0.0000 0.0000 1.4600 0.0000 1.4600 
2023 1 7 0 1.4800 102.5400 0.0000 0.0000 12.0330 757.0000 1.0000 0.0000 0.0000 0.0000 1.4800 0.0000 1.4800 
2023 1 8 0 2.9300 75.8000 0.0000 0.0000 12.0330 757.0000 1.0000 0.0000 0.0000 0.0000 2.9300 0.0000 2.9300 
2023 1 9 0 4.2600 133.2800 0.0000 0.0000 12.0330 757.0000 1.0000 0.0000 0.0000 0.0000 4.2600 0.0000 4.2600 
2023 1 10 0 3.1400 130.4400 0.0000 0.0000 12.0330 757.0000 1.0000 0.0000 0.0000 0.0000 3.1400 0.0000 3.1400 
2023 1 11 0 2.6000 96.6800 0.0000 0.0000 12.0330 757.0000 1.0000 0.0000 0.0000 0.0000 2.6000 0.0000 2.6000 
2023 1 12 0 2.2400 89.9500 0.0000 0.0000 12.0330 757.0000 1.0000 0.0000 0.0000 0.0000 2.2400 0.0000 2.2400 
2023 1 13 0 1.9100 82.8000 0.0000 0.0000 12.0330 757.0000 1.0000 0.0000 0.0000 0.0000 1.9100 0.0000 1.9100 
2023 1 14 0 1.6400 94.7100 0.0000 0.0000 12.0330 757.0000 1.0000 0.0000 0.0000 0.0000 1.6400 0.0000 1.6400 
2023 1 15 0 1.5500 70.7800 0.0000 0.0000 12.0330 757.0000 1.0000 0.0000 0.0000 0.0000 1.5500 0.0000 1.5500 
2023 1 16 0 1.5000 139.7600 0.0000 0.0000 12.0330 757.0000 1.0000 0.0000 0.0000 0.0000 1.5000 0.0000 1.5000 
2023 1 17 0 1.4100 134.1900 0.0000 0.0000 12.0330 757.0000 1.0000 0.0000 0.0000 0.0000 1.4100 0.0000 1.4100 
2023 1 18 0 1.4200 138.3800 0.0000 0.0000 12.0330 757.0000 1.0000 0.0000 0.0000 0.0000 1.4200 0.0000 1.4200 
2023 1 19 0 1.2500 148.5600 0.0000 0.0000 12.0330 757.0000 1.0000 0.0000 0.0000 0.0000 1.2500 0.0000 1.2500 
2023 1 20 0 1.2100 162.5000 0.0000 0.0000 12.0330 757.0000 1.0000 0.0000 0.0000 0.0000 1.2100 0.0000 1.2100 
2023 1 21 0 1.1400 150.1900 0.0000 0.0000 12.0330 757.0000 1.0000 0.0000 0.0000 0.0000 1.1400 0.0000 1.1400 
2023 1 22 0 1.1400 151.8000 0.0000 0.0000 12.0330 757.0000 1.0000 0.0000 0.0000 0.0000 1.1400 0.0000 1.1400 
2023 1 23 0 1.3100 197.7300 0.0000 0.0000 12.0330 757.0000 1.0000 0.0000 0.0000 0.0000 1.3100 0.0000 1.3100 
2023 1 24 0 1.1800 184.5400 0.0000 0.0000 12.0330 757.0000 1.0000 0.0000 0.0000 0.0000 1.1800 0.0000 1.1800 
2023 1 25 0 1.1800 137.5700 0.0000 0.0000 12.0330 757.0000 1.0000 0.0000 0.0000 0.0000 1.1800 0.0000 1.1800 
2023 1 26 0 1.3300 132.3800 0.0000 0.0000 12.0330 757.0000 1.0000 0.0000 0.0000 0.0000 1.3300 0.0000 1.3300 
2023 1 27 0 1.2600 154.0500 0.0000 0.0000 12.0330 757.0000 1.0000 0.0000 0.0000 0.0000 1.2600 0.0000 1.2600 
2023 1 28 0 1.1600 116.8100 0.0000 0.0000 12.0330 757.0000 1.0000 0.0000 0.0000 0.0000 1.1600 0.0000 1.1600 
2023 1 29 0 1.0900 102.3700 0.0000 0.0000 12.0330 757.0000 1.0000 0.0000 0.0000 0.0000 1.0900 0.0000 1.0900 
2023 1 30 0 1.2200 90.0000 0.0000 0.0000 12.0330 757.0000 1.0000 0.0000 0.0000 0.0000 1.2200 0.0000 1.2200 
2023 1 31 0 1.1800 105.1200 0.0000 0.0000 12.0330 757.0000 1.0000 0.0000 0.0000 0.0000 1.1800 0.0000 1.1800 
2023 2 1 0 1.1000 103.8300 0.0000 0.0000 12.0330 757.0000 1.0000 0.0000 0.0000 0.0000 1.1000 0.0000 1.1000 
2023 2 2 0 1.2600 145.2800 0.0000 0.0000 12.0330 757.0000 1.0000 0.0000 0.0000 0.0000 1.2600 0.0000 1.2600 
2023 2 3 0 1.0900 113.1000 0.0000 0.0000 12.0330 757.0000 1.0000 0.0000 0.0000 0.0000 1.0900 0.0000 1.0900 
2023 2 4 0 0.9200 138.8200 0.0000 0.0000 12.0330 757.0000 1.0000 0.0000 0.0000 0.0000 0.9200 0.0000 0.9200 
2023 2 5 0 0.8600 122.8300 0.0000 0.0000 12.0330 757.0000 1.0000 0.0000 0.0000 0.0000 0.8600 0.0000 0.8600 
2023 2 6 0 0.8000 161.3800 0.0000 0.0000 12.0330 757.0000 1.0000 0.0000 0.0000 0.0000 0.8000 0.0000 0.8000 
2023 2 7 0 0.7400 132.4500 0.0000 0.0000 12.0330 757.0000 1.0000 0.0000 0.0000 0.0000 0.7400 0.0000 0.7400 
2023 2 8 0 0.7100 120.3300 0.0000 0.0000 12.0330 757.0000 1.0000 0.0000 0.0000 0.0000 0.7100 0.0000 0.7100 
2023 2 9 0 0.8100 98.3400 0.0000 0.0000 12.0330 757.0000 1.0000 0.0000 0.0000 0.0000 0.8100 0.0000 0.8100 
2023 2 10 0 0.8600 97.5400 0.0000 0.0000 12.0330 757.0000 1.0000 0.0000 0.0000 0.0000 0.8600 0.0000 0.8600 
2023 2 11 0 0.9200 94.6300 0.0000 0.0000 12.0330 757.0000 1.0000 0.0000 0.0000 0.0000 0.9200 0.0000 0.9200 
2023 2 12 0 0.9700 111.6200 0.0000 0.0000 12.0330 757.0000 1.0000 0.0000 0.0000 0.0000 0.9700 0.0000 0.9700 
2023 2 13 0 0.9700 115.7800 0.0000 0.0000 12.0330 757.0000 1.0000 0.0000 0.0000 0.0000 0.9700 0.0000 0.9700 
2023 2 14 0 0.9600 140.8300 0.0000 0.0000 12.0330 757.0000 1.0000 0.0000 0.0000 0.0000 0.9600 0.0000 0.9600 
2023 2 15 0 0.8200 122.5300 0.0000 0.0000 12.0330 757.0000 1.0000 0.0000 0.0000 0.0000 0.8200 0.0000 0.8200 
2023 2 16 0 0.7600 120.9800 0.0000 0.0000 12.0330 757.0000 1.0000 0.0000 0.0000 0.0000 0.7600 0.0000 0.7600 
2023 2 17 0 0.8900 92.1200 0.0000 0.0000 12.0330 757.0000 1.0000 0.0000 0.0000 0.0000 0.8900 0.0000 0.8900 
2023 2 18 0 0.9700 97.8800 0.0000 0.0000 12.0330 757.0000 1.0000 0.0000 0.0000 0.0000 0.9700 0.0000 0.9700 
2023 2 19 0 1.0300 107.6300 0.0000 0.0000 12.0330 757.0000 1.0000 0.0000 0.0000 0.0000 1.0300 0.0000 1.0300 
2023 2 20 0 1.1000 77.5600 0.0000 0.0000 12.0330 757.0000 1.0000 0.0000 0.0000 0.0000 1.1000 0.0000 1.1000 
2023 2 21 0 1.1600 106.7100 0.0000 0.0000 12.0330 757.0000 1.0000 0.0000 0.0000 0.0000 1.1600 0.0000 1.1600 
2023 2 22 0 1.0300 118.3800 0.0000 0.0000 12.0330 757.0000 1.0000 0.0000 0.0000 0.0000 1.0300 0.0000 1.0300 
2023 2 23 0 1.1000 116.1600 0.0000 0.0000 12.0330 757.0000 1.0000 0.0000 0.0000 0.0000 1.1000 0.0000 1.1000 
2023 2 24 0 1.1600 103.8000 0.0000 0.0000 12.0330 757.0000 1.0000 0.0000 0.0000 0.0000 1.1600 0.0000 1.1600 
2023 2 25 0 1.4200 97.6000 0.0000 0.0000 12.0330 757.0000 1.0000 0.0000 0.0000 0.0000 1.4200 0.0000 1.4200 
2023 2 26 0 2.0200 111.9200 0.0000 0.0000 12.0330 757.0000 1.0000 0.0000 0.0000 0.0000 2.0200 0.0000 2.0200 
2023 2 27 0 2.3800 124.5700 0.0000 0.0000 12.0330 757.0000 1.0000 0.0000 0.0000 0.0000 2.3800 0.0000 2.3800 
2023 2 28 0 2.0000 124.0900 0.0000 0.0000 12.0330 757.0000 1.0000 0.0000 0.0000 0.0000 2.0000 0.0000 2.0000 
2023 3 1 0 1.7400 130.8400 0.0000 0.0000 12.0330 757.0000 1.0000 0.0000 0.0000 0.0000 1.7400 0.0000 1.7400 
2023 3 2 0 1.5500 120.4000 0.0000 0.0000 12.0330 757.0000 1.0000 0.0000 0.0000 0.0000 1.5500 0.0000 1.5500 
2023 3 3 0 1.4100 115.5800 0.0000 0.0000 12.0330 757.0000 1.0000 0.0000 0.0000 0.0000 1.4100 0.0000 1.4100 
2023 3 4 0 1.3500 112.2200 0.0000 0.0000 11.9630 756.9302 0.9922 0.0000 2.1600 0.0000 0.0000 0.0000 2.1600 
2023 3 5 0 1.3500 129.9600 0.0000 0.0000 11.7340 756.7019 0.9669 0.0000 4.0000 0.0000 0.0000 0.0000 4.0000 
2023 3 6 0 1.0800 153.1300 0.0000 0.0000 11.4817 756.4503 0.9389 0.0000 4.0000 0.0000 0.0000 0.0000 4.0000 
2023 3 7 0 0.8600 116.0800 0.0000 0.0000 11.2104 756.1797 0.9089 0.0000 4.0000 0.0000 0.0000 0.0000 4.0000 
2023 3 8 0 0.8400 150.8300 0.0000 0.0000 10.9374 755.9074 0.8786 0.0000 4.0000 0.0000 0.0000 0.0000 4.0000 
2023 3 9 0 0.7500 138.5100 0.0000 0.0000 10.6566 755.6274 0.8475 0.0000 4.0000 0.0000 0.0000 0.0000 4.0000 
2023 3 10 0 0.6700 127.3700 0.0000 0.0000 10.3689 755.3405 0.8156 0.0000 4.0000 0.0000 0.0000 0.0000 4.0000 
2023 3 11 0 0.6300 110.5300 0.0000 0.0000 10.0777 755.0501 0.7833 0.0000 4.0000 0.0000 0.0000 0.0000 4.0000 
2023 3 12 0 0.6800 106.8200 0.0000 0.0000 9.7909 754.7641 0.7516 0.0000 4.0000 0.0000 0.0000 0.0000 4.0000 
2023 3 13 0 0.6700 94.6800 0.0000 0.0000 9.5032 754.4771 0.7197 0.0000 4.0000 0.0000 0.0000 0.0000 4.0000 
2023 3 14 0 0.6500 102.8300 0.0000 0.0000 9.2137 754.1885 0.6876 0.0000 4.0000 0.0000 0.0000 0.0000 4.0000 
2023 3 15 0 0.6100 121.6400 0.0000 0.0000 8.9208 753.8964 0.6552 0.0000 4.0000 0.0000 0.0000 0.0000 4.0000 
2023 3 16 0 0.5700 112.8100 0.0000 0.0000 8.6245 753.6009 0.6223 0.0000 4.0000 0.0000 0.0000 0.0000 4.0000 
2023 3 17 0 0.6100 104.1500 0.0000 0.0000 8.3316 753.3088 0.5899 0.0000 4.0000 0.0000 0.0000 0.0000 4.0000 
2023 3 18 0 0.7300 109.0000 0.0000 0.0000 8.0491 753.0270 0.5586 0.0000 4.0000 0.0000 0.0000 0.0000 4.0000 
2023 3 19 0 0.6900 110.0900 0.0000 0.0000 7.7631 752.7418 0.5269 0.0000 4.0000 0.0000 0.0000 0.0000 4.0000 
2023 3 20 0 0.7500 116.7600 0.0000 0.0000 7.4823 752.4618 0.4958 0.0000 4.0000 0.0000 0.0000 0.0000 4.0000 
2023 3 21 0 0.7600 111.3100 0.0000 0.0000 7.2023 752.1826 0.4647 0.0000 4.0000 0.0000 0.0000 0.0000 4.0000 
2023 3 22 0 0.7700 92.3600 0.0000 0.0000 6.9233 751.9043 0.4338 0.0000 4.0000 0.0000 0.0000 0.0000 4.0000 
2023 3 23 0 0.8600 86.1100 0.0000 0.0000 6.6520 751.6338 0.4038 0.0000 4.0000 0.0000 0.0000 0.0000 4.0000 
2023 3 24 0 1.0700 83.8300 0.0000 0.0000 6.3988 751.3813 0.3757 0.0000 4.0000 0.0000 0.0000 0.0000 4.0000 
2023 3 25 0 1.3100 73.3600 0.0000 0.0000 6.1664 751.1495 0.3499 0.0000 4.0000 0.0000 0.0000 0.0000 4.0000 
2023 3 26 0 1.4100 92.4600 0.0000 0.0000 5.9426 750.9264 0.3252 0.0000 4.0000 0.0000 0.0000 0.0000 4.0000 
2023 3 27 0 1.4900 100.9400 0.0000 0.0000 5.7258 750.7101 0.3011 0.0000 4.0000 0.0000 0.0000 0.0000 4.0000 
2023 3 28 0 1.5700 123.8500 0.0000 0.0000 5.5158 750.5007 0.2779 0.0000 4.0000 0.0000 0.0000 0.0000 4.0000 
2023 3 29 0 1.4000 127.0200 0.0000 0.0000 5.2912 750.2767 0.2530 0.0000 4.0000 0.0000 0.0000 0.0000 4.0000 
2023 3 30 0 1.3400 103.7800 0.0000 0.0000 5.0614 750.0475 0.2275 0.0000 4.0000 0.0000 0.0000 0.0000 4.0000 
2023 3 31 0 2.7800 111.8200 0.0000 0.0000 5.0562 750.0423 0.2269 0.0000 2.8400 0.0000 0.0000 0.0000 2.8400 
2023 4 1 0 7.4200 97.9300 0.0000 0.0000 5.6973 750.6816 0.2980 0.0000 0.0000 0.0000 0.0000 0.0000 0.0000 
2023 4 2 0 6.8500 105.1000 0.0000 0.0000 6.2891 751.2719 0.3635 0.0000 0.0000 0.0000 0.0000 0.0000 0.0000 
2023 4 3 0 4.4800 126.4800 0.0000 0.0000 6.6762 751.6579 0.4064 0.0000 0.0000 0.0000 0.0000 0.0000 0.0000 
2023 4 4 0 2.8400 133.1300 0.0000 0.0000 6.9215 751.9026 0.4336 0.0000 0.0000 0.0000 0.0000 0.0000 0.0000 
2023 4 5 0 2.3000 130.9100 0.0000 0.0000 7.1203 752.1008 0.4556 0.0000 0.0000 0.0000 0.0000 0.0000 0.0000 
2023 4 6 0 2.0400 125.8900 0.0000 0.0000 7.2965 752.2765 0.4752 0.0000 0.0000 0.0000 0.0000 0.0000 0.0000 
2023 4 7 0 1.6900 117.9200 0.0000 0.0000 7.4425 752.4221 0.4913 0.0000 0.0000 0.0000 0.0000 0.0000 0.0000 
2023 4 8 0 1.4800 120.6500 0.0000 0.0000 7.5704 752.5497 0.5055 0.0000 0.0000 0.0000 0.0000 0.0000 0.0000 
2023 4 9 0 1.3300 110.2100 0.0000 0.0000 7.6853 752.6643 0.5183 0.0000 0.0000 0.0000 0.0000 0.0000 0.0000 
2023 4 10 0 1.3600 54.3700 0.0000 0.0000 7.8028 752.7814 0.5313 0.0000 0.0000 0.0000 0.0000 0.0000 0.0000 
2023 4 11 0 3.4900 84.4600 0.0000 0.0000 8.0802 753.0580 0.5620 0.0000 0.2800 0.0000 0.0000 0.0000 0.2800 
2023 4 12 0 3.1000 111.9800 0.0000 0.0000 8.0715 753.0494 0.5610 0.0000 3.2000 0.0000 0.0000 0.0000 3.2000 
2023 4 13 0 3.1000 107.2100 0.0000 0.0000 8.0629 753.0408 0.5601 0.0000 3.2000 0.0000 0.0000 0.0000 3.2000 
2023 4 14 0 3.5200 118.9300 0.0000 0.0000 8.0905 753.0684 0.5632 0.0000 3.2000 0.0000 0.0000 0.0000 3.2000 
2023 4 15 0 3.3800 111.6600 0.0000 0.0000 8.1061 753.0839 0.5649 0.0000 3.2000 0.0000 0.0000 0.0000 3.2000 
2023 4 16 0 3.3800 115.1500 0.0000 0.0000 8.1216 753.0994 0.5666 0.0000 3.2000 0.0000 0.0000 0.0000 3.2000 
2023 4 17 0 3.5700 125.4800 0.0000 0.0000 8.1536 753.1313 0.5701 0.0000 3.2000 0.0000 0.0000 0.0000 3.2000 
2023 4 18 0 3.8300 114.7600 0.0000 0.0000 8.2080 753.1856 0.5762 0.0000 3.2000 0.0000 0.0000 0.0000 3.2000 
2023 4 19 0 4.1200 108.7500 0.0000 0.0000 8.2875 753.2648 0.5850 0.0000 3.2000 0.0000 0.0000 0.0000 3.2000 
2023 4 20 0 4.7400 111.1600 0.0000 0.0000 8.4206 753.3975 0.5997 0.0000 3.2000 0.0000 0.0000 0.0000 3.2000 
2023 4 21 0 5.6500 107.9900 0.0000 0.0000 8.6323 753.6086 0.6232 0.0000 3.2000 0.0000 0.0000 0.0000 3.2000 
2023 4 22 0 6.5600 98.4000 0.0000 0.0000 8.9226 753.8981 0.6553 0.0000 3.2000 0.0000 0.0000 0.0000 3.2000 
2023 4 23 0 7.8100 97.8600 0.0000 0.0000 9.3209 754.2953 0.6995 0.0000 3.2000 0.0000 0.0000 0.0000 3.2000 
2023 4 24 0 7.7000 116.5300 0.0000 0.0000 9.7097 754.6831 0.7426 0.0000 3.2000 0.0000 0.0000 0.0000 3.2000 
2023 4 25 0 6.9200 104.4700 0.0000 0.0000 10.0311 755.0036 0.7782 0.0000 3.2000 0.0000 0.0000 0.0000 3.2000 
2023 4 26 0 5.9500 114.3700 0.0000 0.0000 10.2687 755.2405 0.8045 0.0000 3.2000 0.0000 0.0000 0.0000 3.2000 
2023 4 27 0 4.9600 123.3800 0.0000 0.0000 10.4207 755.3922 0.8214 0.0000 3.2000 0.0000 0.0000 0.0000 3.2000 
2023 4 28 0 4.3700 121.7100 0.0000 0.0000 10.5218 755.4930 0.8326 0.0000 3.2000 0.0000 0.0000 0.0000 3.2000 
2023 4 29 0 4.0700 112.7000 0.0000 0.0000 10.5970 755.5680 0.8409 0.0000 3.2000 0.0000 0.0000 0.0000 3.2000 
2023 4 30 0 3.8500 99.7900 0.0000 0.0000 10.6532 755.6240 0.8471 0.0000 3.2000 0.0000 0.0000 0.0000 3.2000 
2023 5 1 0 3.7600 106.3400 0.0000 0.0000 10.7015 755.6722 0.8525 0.0000 3.2000 0.0000 0.0000 0.0000 3.2000 
2023 5 2 0 3.9300 121.7900 0.0000 0.0000 10.7646 755.7351 0.8595 0.0000 3.2000 0.0000 0.0000 0.0000 3.2000 
2023 5 3 0 4.1500 118.1800 0.0000 0.0000 10.8467 755.8170 0.8686 0.0000 3.2000 0.0000 0.0000 0.0000 3.2000 
2023 5 4 0 4.2400 112.1600 0.0000 0.0000 10.9366 755.9066 0.8785 0.0000 3.2000 0.0000 0.0000 0.0000 3.2000 
2023 5 5 0 4.0800 97.5700 0.0000 0.0000 11.0126 755.9824 0.8869 0.0000 3.2000 0.0000 0.0000 0.0000 3.2000 
2023 5 6 0 3.7700 94.9300 0.0000 0.0000 11.0618 756.0315 0.8924 0.0000 3.2000 0.0000 0.0000 0.0000 3.2000 
2023 5 7 0 3.4900 88.0500 0.0000 0.0000 11.0869 756.0565 0.8952 0.0000 3.2000 0.0000 0.0000 0.0000 3.2000 
2023 5 8 0 3.7000 102.0400 0.0000 0.0000 11.1301 756.0996 0.9000 0.0000 3.2000 0.0000 0.0000 0.0000 3.2000 
2023 5 9 0 4.9400 96.1600 0.0000 0.0000 11.2804 756.2495 0.9166 0.0000 3.2000 0.0000 0.0000 0.0000 3.2000 
2023 5 10 0 8.3100 94.0200 0.0000 0.0000 11.7219 756.6898 0.9655 0.0000 3.2000 0.0000 0.0000 0.0000 3.2000 
2023 5 11 0 9.9500 101.3600 0.0000 0.0000 12.0330 757.0000 1.0000 0.0000 0.9200 0.0000 5.4300 0.0000 6.3500 
2023 5 12 0 12.6400 91.5000 0.0000 0.0000 12.0330 757.0000 1.0000 0.0000 0.0000 0.0000 12.6400 0.0000 12.6400 
2023 5 13 0 13.7000 74.6100 0.0000 0.0000 12.0330 757.0000 1.0000 0.0000 0.0000 0.0000 13.7000 0.0000 13.7000 
2023 5 14 0 13.5800 72.7500 0.0000 0.0000 12.0330 757.0000 1.0000 0.0000 0.0000 0.0000 13.5800 0.0000 13.5800 
2023 5 15 0 16.2500 94.8900 0.0000 0.0000 12.0330 757.0000 1.0000 0.0000 0.0000 0.0000 16.2500 0.0000 16.2500 
2023 5 16 0 20.1300 63.0700 0.0000 0.0000 12.0330 757.0000 1.0000 0.0000 0.0000 0.0000 20.1300 0.0000 20.1300 
2023 5 17 0 15.9800 54.3000 0.0000 0.0000 12.0330 757.0000 1.0000 0.0000 0.0000 0.0000 15.9800 0.0000 15.9800 
2023 5 18 0 12.1100 88.1100 0.0000 0.0000 12.0330 757.0000 1.0000 0.0000 0.0000 0.0000 12.1100 0.0000 12.1100 
2023 5 19 0 10.4200 92.9400 0.0000 0.0000 12.0330 757.0000 1.0000 0.0000 0.0000 0.0000 10.4200 0.0000 10.4200 
2023 5 20 0 10.2100 52.6300 0.0000 0.0000 12.0330 757.0000 1.0000 0.0000 0.0000 0.0000 10.2100 0.0000 10.2100 
2023 5 21 0 9.5800 37.1300 0.0000 0.0000 12.0330 757.0000 1.0000 0.0000 0.0000 0.0000 9.5800 0.0000 9.5800 
2023 5 22 0 9.1700 84.4700 0.0000 0.0000 12.0330 757.0000 1.0000 0.0000 0.0000 0.0000 9.1700 0.0000 9.1700 
2023 5 23 0 11.2700 63.0000 0.0000 0.0000 12.0330 757.0000 1.0000 0.0000 0.0000 0.0000 11.2700 0.0000 11.2700 
2023 5 24 0 11.8700 82.4800 0.0000 0.0000 12.0330 757.0000 1.0000 0.0000 0.0000 0.0000 11.8700 0.0000 11.8700 
2023 5 25 0 10.9900 57.6600 0.0000 0.0000 12.0330 757.0000 1.0000 0.0000 0.0000 0.0000 10.9900 0.0000 10.9900 
2023 5 26 0 11.4000 61.9200 0.0000 0.0000 12.0330 757.0000 1.0000 0.0000 0.0000 0.0000 11.4000 0.0000 11.4000 
2023 5 27 0 10.3300 61.7400 0.0000 0.0000 12.0330 757.0000 1.0000 0.0000 0.0000 0.0000 10.3300 0.0000 10.3300 
2023 5 28 0 8.1900 48.1500 0.0000 0.0000 12.0330 757.0000 1.0000 0.0000 0.0000 0.0000 8.1900 0.0000 8.1900 
2023 5 29 0 5.9500 41.9900 0.0000 0.0000 12.0330 757.0000 1.0000 0.0000 0.0000 0.0000 5.9500 0.0000 5.9500 
2023 5 30 0 4.9100 85.7800 0.0000 0.0000 12.0330 757.0000 1.0000 0.0000 0.0000 0.0000 4.9100 0.0000 4.9100 
2023 5 31 0 4.2200 60.1500 0.0000 0.0000 12.0330 757.0000 1.0000 0.0000 0.0000 0.0000 4.2200 0.0000 4.2200 
2023 6 1 0 3.6900 67.1300 0.0000 0.0000 12.0330 757.0000 1.0000 0.0000 0.0000 0.0000 3.6900 0.0000 3.6900 
2023 6 2 0 3.0500 80.9600 0.0000 0.0000 12.0330 757.0000 1.0000 0.0000 0.0000 0.0000 3.0500 0.0000 3.0500 
2023 6 3 0 2.5500 62.3200 0.0000 0.0000 12.0330 757.0000 1.0000 0.0000 0.0000 0.0000 2.5500 0.0000 2.5500 
2023 6 4 0 2.2800 61.2100 0.0000 0.0000 12.0330 757.0000 1.0000 0.0000 0.0000 0.0000 2.2800 0.0000 2.2800 
2023 6 5 0 2.0200 87.8500 0.0000 0.0000 12.0330 757.0000 1.0000 0.0000 0.0000 0.0000 2.0200 0.0000 2.0200 
2023 6 6 0 1.7400 90.1800 0.0000 0.0000 12.0330 757.0000 1.0000 0.0000 0.0000 0.0000 1.7400 0.0000 1.7400 
2023 6 7 0 1.4900 96.7800 0.0000 0.0000 12.0330 757.0000 1.0000 0.0000 0.0000 0.0000 1.4900 0.0000 1.4900 
2023 6 8 0 1.2800 89.0900 0.0000 0.0000 12.0330 757.0000 1.0000 0.0000 0.0000 0.0000 1.2800 0.0000 1.2800 
2023 6 9 0 1.0900 88.9200 0.0000 0.0000 12.0330 757.0000 1.0000 0.0000 0.0000 0.0000 1.0900 0.0000 1.0900 
2023 6 10 0 0.9200 61.8300 0.0000 0.0000 12.0330 757.0000 1.0000 0.0000 0.0000 0.0000 0.9200 0.0000 0.9200 
2023 6 11 0 0.7800 47.6500 0.0000 0.0000 12.0330 757.0000 1.0000 0.0000 0.0000 0.0000 0.7800 0.0000 0.7800 
2023 6 12 0 0.6800 88.7900 0.0000 0.0000 12.0330 757.0000 1.0000 0.0000 0.0000 0.0000 0.6800 0.0000 0.6800 
2023 6 13 0 0.6000 99.0700 0.0000 0.0000 12.0330 757.0000 1.0000 0.0000 0.0000 0.0000 0.6000 0.0000 0.6000 
2023 6 14 0 0.5100 105.6600 0.0000 0.0000 12.0330 757.0000 1.0000 0.0000 0.0000 0.0000 0.5100 0.0000 0.5100 
2023 6 15 0 0.4600 116.5000 0.0000 0.0000 12.0330 757.0000 1.0000 0.0000 0.0000 0.0000 0.4600 0.0000 0.4600 
2023 6 16 0 0.4300 123.1200 0.0000 0.0000 12.0330 757.0000 1.0000 0.0000 0.0000 0.0000 0.4300 0.0000 0.4300 
2023 6 17 0 0.3900 107.5100 0.0000 0.0000 12.0330 757.0000 1.0000 0.0000 0.0000 0.0000 0.3900 0.0000 0.3900 
2023 6 18 0 0.3700 102.7200 0.0000 0.0000 12.0330 757.0000 1.0000 0.0000 0.0000 0.0000 0.3700 0.0000 0.3700 
2023 6 19 0 0.3800 116.7200 0.0000 0.0000 12.0330 757.0000 1.0000 0.0000 0.0000 0.0000 0.3800 0.0000 0.3800 
2023 6 20 0 0.4200 131.3100 0.0000 0.0000 12.0330 757.0000 1.0000 0.0000 0.0000 0.0000 0.4200 0.0000 0.4200 
2023 6 21 0 0.6300 131.9100 0.0000 0.0000 12.0330 757.0000 1.0000 0.0000 0.0000 0.0000 0.6300 0.0000 0.6300 
2023 6 22 0 1.9600 129.3300 0.0000 0.0000 12.0330 757.0000 1.0000 0.0000 0.0000 0.0000 1.9600 0.0000 1.9600 
2023 6 23 0 1.4300 112.7300 0.0000 0.0000 12.0330 757.0000 1.0000 0.0000 0.0000 0.0000 1.4300 0.0000 1.4300 
2023 6 24 0 1.0000 91.6000 0.0000 0.0000 12.0330 757.0000 1.0000 0.0000 0.0000 0.0000 1.0000 0.0000 1.0000 
2023 6 25 0 0.7200 78.9200 0.0000 0.0000 12.0330 757.0000 1.0000 0.0000 0.0000 0.0000 0.7200 0.0000 0.7200 
2023 6 26 0 0.5800 97.3600 0.0000 0.0000 12.0330 757.0000 1.0000 0.0000 0.0000 0.0000 0.5800 0.0000 0.5800 
2023 6 27 0 0.5400 97.1000 0.0000 0.0000 12.0330 757.0000 1.0000 0.0000 0.0000 0.0000 0.5400 0.0000 0.5400 
2023 6 28 0 0.5500 110.3800 0.0000 0.0000 12.0330 757.0000 1.0000 0.0000 0.0000 0.0000 0.5500 0.0000 0.5500 
2023 6 29 0 0.5200 115.5800 0.0000 0.0000 12.0330 757.0000 1.0000 0.0000 0.0000 0.0000 0.5200 0.0000 0.5200 
2023 6 30 0 0.5200 106.1600 0.0000 0.0000 12.0330 757.0000 1.0000 0.0000 0.0000 0.0000 0.5200 0.0000 0.5200 
2023 7 1 0 0.4600 61.0800 0.0000 0.0000 12.0330 757.0000 1.0000 0.0000 0.0000 0.0000 0.4600 0.0000 0.4600 
2023 7 2 0 0.4600 15.9100 0.0000 0.0000 12.0330 757.0000 1.0000 0.0000 0.0000 0.0000 0.4600 0.0000 0.4600 
2023 7 3 0 0.4600 50.3200 0.0000 0.0000 12.0330 757.0000 1.0000 0.0000 0.0000 0.0000 0.4600 0.0000 0.4600 
2023 7 4 0 0.5600 83.2500 0.0000 0.0000 12.0330 757.0000 1.0000 0.0000 0.0000 0.0000 0.5600 0.0000 0.5600 
2023 7 5 0 0.5500 80.5300 0.0000 0.0000 12.0330 757.0000 1.0000 0.0000 0.0000 0.0000 0.5500 0.0000 0.5500 
2023 7 6 0 0.6400 96.7500 0.0000 0.0000 12.0330 757.0000 1.0000 0.0000 0.0000 0.0000 0.6400 0.0000 0.6400 
2023 7 7 0 0.8900 101.0400 0.0000 0.0000 12.0330 757.0000 1.0000 0.0000 0.0000 0.0000 0.8900 0.0000 0.8900 
2023 7 8 0 1.5500 87.4600 0.0000 0.0000 12.0330 757.0000 1.0000 0.0000 0.0000 0.0000 1.5500 0.0000 1.5500 
2023 7 9 0 1.6600 94.0500 0.0000 0.0000 12.0330 757.0000 1.0000 0.0000 0.0000 0.0000 1.6600 0.0000 1.6600 
2023 7 10 0 1.4600 98.2100 0.0000 0.0000 12.0330 757.0000 1.0000 0.0000 0.0000 0.0000 1.4600 0.0000 1.4600 
2023 7 11 0 1.3100 89.8900 0.0000 0.0000 12.0330 757.0000 1.0000 0.0000 0.0000 0.0000 1.3100 0.0000 1.3100 
2023 7 12 0 1.5400 76.6900 0.0000 0.0000 12.0330 757.0000 1.0000 0.0000 0.0000 0.0000 1.5400 0.0000 1.5400 
2023 7 13 0 1.3000 83.4900 0.0000 0.0000 12.0330 757.0000 1.0000 0.0000 0.0000 0.0000 1.3000 0.0000 1.3000 
2023 7 14 0 1.0600 85.4800 0.0000 0.0000 12.0330 757.0000 1.0000 0.0000 0.0000 0.0000 1.0600 0.0000 1.0600 
2023 7 15 0 1.2300 33.3300 0.0000 0.0000 12.0330 757.0000 1.0000 0.0000 0.0000 0.0000 1.2300 0.0000 1.2300 
2023 7 16 0 2.3400 17.8600 0.0000 0.0000 12.0330 757.0000 1.0000 0.0000 0.0000 0.0000 2.3400 0.0000 2.3400 
2023 7 17 0 3.3200 30.5600 0.0000 0.0000 12.0330 757.0000 1.0000 0.0000 0.0000 0.0000 3.3200 0.0000 3.3200 
2023 7 18 0 2.8400 64.7000 0.0000 0.0000 12.0330 757.0000 1.0000 0.0000 0.0000 0.0000 2.8400 0.0000 2.8400 
2023 7 19 0 2.1900 77.7600 0.0000 0.0000 11.9457 756.9130 0.9903 0.0000 3.2000 0.0000 0.0000 0.0000 3.2000 
2023 7 20 0 1.8000 64.6700 0.0000 0.0000 11.8247 756.7923 0.9769 0.0000 3.2000 0.0000 0.0000 0.0000 3.2000 
2023 7 21 0 1.5200 83.1300 0.0000 0.0000 11.6796 756.6476 0.9608 0.0000 3.2000 0.0000 0.0000 0.0000 3.2000 
2023 7 22 0 1.3300 75.6300 0.0000 0.0000 11.5180 756.4865 0.9429 0.0000 3.2000 0.0000 0.0000 0.0000 3.2000 
2023 7 23 0 1.2900 33.2000 0.0000 0.0000 11.3530 756.3219 0.9247 0.0000 3.2000 0.0000 0.0000 0.0000 3.2000 
2023 7 24 0 1.1400 69.9000 0.0000 0.0000 11.1750 756.1444 0.9049 0.0000 3.2000 0.0000 0.0000 0.0000 3.2000 
2023 7 25 0 0.9700 60.2500 0.0000 0.0000 10.9823 755.9523 0.8836 0.0000 3.2000 0.0000 0.0000 0.0000 3.2000 
2023 7 26 0 0.8800 69.5200 0.0000 0.0000 10.7819 755.7524 0.8614 0.0000 3.2000 0.0000 0.0000 0.0000 3.2000 
2023 7 27 0 0.7900 87.3400 0.0000 0.0000 10.5737 755.5447 0.8383 0.0000 3.2000 0.0000 0.0000 0.0000 3.2000 
2023 7 28 0 0.7200 86.7600 0.0000 0.0000 10.3594 755.3310 0.8146 0.0000 3.2000 0.0000 0.0000 0.0000 3.2000 
2023 7 29 0 0.6900 74.6100 0.0000 0.0000 10.1425 755.1147 0.7905 0.0000 3.2000 0.0000 0.0000 0.0000 3.2000 
2023 7 30 0 0.8500 39.5200 0.0000 0.0000 9.9395 754.9123 0.7680 0.0000 3.2000 0.0000 0.0000 0.0000 3.2000 
2023 7 31 0 1.9100 69.3300 0.0000 0.0000 9.8280 754.8011 0.7557 0.0000 3.2000 0.0000 0.0000 0.0000 3.2000 
2023 8 1 0 1.4500 73.8700 0.0000 0.0000 9.6768 754.6503 0.7389 0.0000 3.2000 0.0000 0.0000 0.0000 3.2000 
2023 8 2 0 0.9600 64.7500 0.0000 0.0000 9.4833 754.4573 0.7175 0.0000 3.2000 0.0000 0.0000 0.0000 3.2000 
2023 8 3 0 0.7400 43.5500 0.0000 0.0000 9.2708 754.2454 0.6939 0.0000 3.2000 0.0000 0.0000 0.0000 3.2000 
2023 8 4 0 0.6300 62.1300 0.0000 0.0000 9.0487 754.0239 0.6693 0.0000 3.2000 0.0000 0.0000 0.0000 3.2000 
2023 8 5 0 0.6000 76.9400 0.0000 0.0000 8.8241 753.7999 0.6444 0.0000 3.2000 0.0000 0.0000 0.0000 3.2000 
2023 8 6 0 0.5400 57.5500 0.0000 0.0000 8.5942 753.5707 0.6190 0.0000 3.2000 0.0000 0.0000 0.0000 3.2000 
2023 8 7 0 0.4800 16.8300 0.0000 0.0000 8.3592 753.3363 0.5929 0.0000 3.2000 0.0000 0.0000 0.0000 3.2000 
2023 8 8 0 1.0300 0.0400 0.0000 0.0000 8.1718 753.1494 0.5722 0.0000 3.2000 0.0000 0.0000 0.0000 3.2000 
2023 8 9 0 1.5600 14.7000 0.0000 0.0000 8.0301 753.0081 0.5565 0.0000 3.2000 0.0000 0.0000 0.0000 3.2000 
2023 8 10 0 1.4800 51.2900 0.0000 0.0000 7.8814 752.8599 0.5400 0.0000 3.2000 0.0000 0.0000 0.0000 3.2000 
2023 8 11 0 1.7900 72.3800 0.0000 0.0000 7.7596 752.7384 0.5265 0.0000 3.2000 0.0000 0.0000 0.0000 3.2000 
2023 8 12 0 1.3300 69.7000 0.0000 0.0000 7.5981 752.5772 0.5086 0.0000 3.2000 0.0000 0.0000 0.0000 3.2000 
2023 8 13 0 1.0200 63.1900 0.0000 0.0000 7.4097 752.3894 0.4877 0.0000 3.2000 0.0000 0.0000 0.0000 3.2000 
2023 8 14 0 0.9000 85.9500 0.0000 0.0000 7.2110 752.1912 0.4657 0.0000 3.2000 0.0000 0.0000 0.0000 3.2000 
2023 8 15 0 1.7700 82.7300 0.0000 0.0000 7.0874 752.0680 0.4520 0.0000 3.2000 0.0000 0.0000 0.0000 3.2000 
2023 8 16 0 2.1100 93.5300 0.0000 0.0000 6.9933 751.9741 0.4416 0.0000 3.2000 0.0000 0.0000 0.0000 3.2000 
2023 8 17 0 1.7300 92.9900 0.0000 0.0000 6.8662 751.8474 0.4275 0.0000 3.2000 0.0000 0.0000 0.0000 3.2000 
2023 8 18 0 1.4200 84.3900 0.0000 0.0000 6.7125 751.6941 0.4105 0.0000 3.2000 0.0000 0.0000 0.0000 3.2000 
2023 8 19 0 1.3000 48.8800 0.0000 0.0000 6.5483 751.5304 0.3923 0.0000 3.2000 0.0000 0.0000 0.0000 3.2000 
2023 8 20 0 2.1700 75.6000 0.0000 0.0000 6.4593 751.4416 0.3824 0.0000 3.2000 0.0000 0.0000 0.0000 3.2000 
2023 8 21 0 1.6800 88.4800 0.0000 0.0000 6.3280 751.3106 0.3678 0.0000 3.2000 0.0000 0.0000 0.0000 3.2000 
2023 8 22 0 1.3600 92.0800 0.0000 0.0000 6.1690 751.1521 0.3502 0.0000 3.2000 0.0000 0.0000 0.0000 3.2000 
2023 8 23 0 1.1600 99.5400 0.0000 0.0000 5.9927 750.9763 0.3307 0.0000 3.2000 0.0000 0.0000 0.0000 3.2000 
2023 8 24 0 0.9900 99.6900 0.0000 0.0000 5.8018 750.7859 0.3095 0.0000 3.2000 0.0000 0.0000 0.0000 3.2000 
2023 8 25 0 1.2700 93.1800 0.0000 0.0000 5.6350 750.6196 0.2911 0.0000 3.2000 0.0000 0.0000 0.0000 3.2000 
2023 8 26 0 1.9300 87.9600 0.0000 0.0000 5.5253 750.5102 0.2789 0.0000 3.2000 0.0000 0.0000 0.0000 3.2000 
2023 8 27 0 2.0300 89.4800 0.0000 0.0000 5.4242 750.4094 0.2677 0.0000 3.2000 0.0000 0.0000 0.0000 3.2000 
2023 8 28 0 1.5900 91.8000 0.0000 0.0000 5.2851 750.2706 0.2523 0.0000 3.2000 0.0000 0.0000 0.0000 3.2000 
2023 8 29 0 1.3000 95.0600 0.0000 0.0000 5.1210 750.1069 0.2341 0.0000 3.2000 0.0000 0.0000 0.0000 3.2000 
2023 8 30 0 1.1000 99.5900 0.0000 0.0000 4.9395 749.9260 0.2140 0.0000 3.2000 0.0000 0.0000 0.0000 3.2000 
2023 8 31 0 0.9800 97.2200 0.0000 0.0000 4.7477 749.7347 0.1927 0.0000 3.2000 0.0000 0.0000 0.0000 3.2000 
