CHANNEL node 2 VANAROSEN
N_CASCADE_LINRES 3
K_TRAVELTIME_HOURS 4.00
yyyy mm dd hh [m3/s]    [Mm3]       [m3/s]      [Euro]
yyyy mm dd hh Up_Inflow Storage_Mm3 tot_outflow Qmin_Cost
2022 9 1 0 4.0000 0.05445926 3.3697 0.0000 
2022 9 2 0 3.2000 0.04664889 3.2904 0.0000 
2022 9 3 0 2.8000 0.04064593 2.8695 0.0000 
2022 9 4 0 3.2000 0.04577185 3.1407 0.0000 
2022 9 5 0 0.4000 0.00795259 0.8377 0.0000 
2022 9 6 0 0.0000 0.00035556 0.0879 0.0000 
2022 9 7 0 3.2000 0.04357333 2.6998 0.0000 
2022 9 8 0 3.2000 0.04603259 3.1715 0.0000 
2022 9 9 0 3.2000 0.04608000 3.1995 0.0000 
2022 9 10 0 3.2000 0.04608000 3.2000 0.0000 
2022 9 11 0 3.2000 0.04608000 3.2000 0.0000 
2022 9 12 0 3.2000 0.04608000 3.2000 0.0000 
2022 9 13 0 3.2000 0.04608000 3.2000 0.0000 
2022 9 14 0 3.2000 0.04608000 3.2000 0.0000 
2022 9 15 0 3.2000 0.04608000 3.2000 0.0000 
2022 9 16 0 3.2000 0.04608000 3.2000 0.0000 
2022 9 17 0 2.0000 0.02974222 2.1891 0.0000 
2022 9 18 0 4.0000 0.05604741 3.6955 0.0000 
2022 9 19 0 3.2000 0.04667852 3.3084 0.0000 
2022 9 20 0 3.2000 0.04609185 3.2068 0.0000 
2022 9 21 0 3.2000 0.04608000 3.2001 0.0000 
2022 9 22 0 3.2000 0.04608000 3.2000 0.0000 
2022 9 23 0 3.2000 0.04608000 3.2000 0.0000 
2022 9 24 0 3.2000 0.04608000 3.2000 0.0000 
2022 9 25 0 3.2000 0.04608000 3.2000 0.0000 
2022 9 26 0 3.2000 0.04608000 3.2000 0.0000 
2022 9 27 0 3.2000 0.04608000 3.2000 0.0000 
2022 9 28 0 3.2000 0.04608000 3.2000 0.0000 
2022 9 29 0 3.2000 0.04608000 3.2000 0.0000 
2022 9 30 0 3.2000 0.04608000 3.2000 0.0000 
2022 10 1 0 3.2000 0.04608000 3.2000 0.0000 
2022 10 2 0 3.2000 0.04608000 3.2000 0.0000 
2022 10 3 0 3.2000 0.04608000 3.2000 0.0000 
2022 10 4 0 3.2000 0.04608000 3.2000 0.0000 
2022 10 5 0 3.2000 0.04608000 3.2000 0.0000 
2022 10 6 0 3.2000 0.04608000 3.2000 0.0000 
2022 10 7 0 3.2000 0.04608000 3.2000 0.0000 
2022 10 8 0 3.2000 0.04608000 3.2000 0.0000 
2022 10 9 0 3.2000 0.04608000 3.2000 0.0000 
2022 10 10 0 3.2000 0.04608000 3.2000 0.0000 
2022 10 11 0 3.2000 0.04608000 3.2000 0.0000 
2022 10 12 0 3.2000 0.04608000 3.2000 0.0000 
2022 10 13 0 3.2000 0.04608000 3.2000 0.0000 
2022 10 14 0 3.2000 0.04608000 3.2000 0.0000 
2022 10 15 0 3.2000 0.04608000 3.2000 0.0000 
2022 10 16 0 3.2000 0.04608000 3.2000 0.0000 
2022 10 17 0 3.2000 0.04608000 3.2000 0.0000 
2022 10 18 0 3.2000 0.04608000 3.2000 0.0000 
2022 10 19 0 3.2000 0.04608000 3.2000 0.0000 
2022 10 20 0 3.2000 0.04608000 3.2000 0.0000 
2022 10 21 0 3.2000 0.04608000 3.2000 0.0000 
2022 10 22 0 3.2000 0.04608000 3.2000 0.0000 
2022 10 23 0 3.2000 0.04608000 3.2000 0.0000 
2022 10 24 0 3.2000 0.04608000 3.2000 0.0000 
2022 10 25 0 3.2000 0.04608000 3.2000 0.0000 
2022 10 26 0 7.0200 0.09808857 6.4180 0.0000 
2022 10 27 0 6.6800 0.09640237 6.6995 0.0000 
2022 10 28 0 4.9600 0.07277956 5.2334 0.0000 
2022 10 29 0 5.9400 0.08479200 5.8010 0.0000 
2022 10 30 0 5.4200 0.07844178 5.4935 0.0000 
2022 10 31 0 3.3700 0.05014533 3.6975 0.0000 
2022 11 1 0 3.3700 0.04855837 3.3884 0.0000 
2022 11 2 0 5.4300 0.07657452 5.1057 0.0000 
2022 11 3 0 10.8000 0.15127304 9.9354 0.0000 
2022 11 4 0 9.9300 0.14359556 10.0189 0.0000 
2022 11 5 0 8.1600 0.11890667 8.4458 0.0000 
2022 11 6 0 6.0300 0.08853067 6.3816 0.0000 
2022 11 7 0 7.6100 0.10837496 7.3803 0.0000 
2022 11 8 0 6.5400 0.09499274 6.6949 0.0000 
2022 11 9 0 7.6100 0.10875971 7.4507 0.0000 
2022 11 10 0 5.8800 0.08601452 6.1433 0.0000 
2022 11 11 0 4.7500 0.06931289 4.9433 0.0000 
2022 11 12 0 3.8900 0.05670800 4.0359 0.0000 
2022 11 13 0 3.3245 0.04832924 3.4215 0.0000 
2022 11 14 0 3.2347 0.04665916 3.2541 0.0000 
2022 11 15 0 4.5708 0.06477151 4.3611 0.0000 
2022 11 16 0 6.8400 0.09669445 6.4705 0.0000 
2022 11 17 0 13.0900 0.18355498 12.0847 0.0000 
2022 11 18 0 6.3900 0.09718415 7.3897 0.0000 
2022 11 19 0 3.7700 0.05644444 4.2415 0.0000 
2022 11 20 0 4.0300 0.05786667 4.0135 0.0000 
2022 11 21 0 3.2000 0.04672785 3.3289 0.0000 
2022 11 22 0 3.2000 0.04609230 3.2074 0.0000 
2022 11 23 0 3.2000 0.04608000 3.2001 0.0000 
2022 11 24 0 3.2000 0.04608000 3.2000 0.0000 
2022 11 25 0 3.2000 0.04608000 3.2000 0.0000 
2022 11 26 0 4.8500 0.06854444 4.5900 0.0000 
2022 11 27 0 6.6100 0.09377763 6.3179 0.0000 
2022 11 28 0 7.8300 0.11176800 7.6218 0.0000 
2022 11 29 0 5.3000 0.07828845 5.6875 0.0000 
2022 11 30 0 3.6200 0.05348459 3.9071 0.0000 
2022 12 1 0 3.2000 0.04643467 3.2816 0.0000 
2022 12 2 0 3.2000 0.04608622 3.2040 0.0000 
2022 12 3 0 3.2000 0.04608000 3.2001 0.0000 
2022 12 4 0 3.2000 0.04608000 3.2000 0.0000 
2022 12 5 0 3.2000 0.04608000 3.2000 0.0000 
2022 12 6 0 3.2000 0.04608000 3.2000 0.0000 
2022 12 7 0 3.2000 0.04608000 3.2000 0.0000 
2022 12 8 0 3.2000 0.04608000 3.2000 0.0000 
2022 12 9 0 3.2000 0.04608000 3.2000 0.0000 
2022 12 10 0 3.2000 0.04608000 3.2000 0.0000 
2022 12 11 0 3.2000 0.04608000 3.2000 0.0000 
2022 12 12 0 0.0000 0.00251259 0.5043 0.0000 
2022 12 13 0 0.0000 0.00004741 0.0285 0.0000 
2022 12 14 0 0.0000 0.00000000 0.0005 0.0000 
2022 12 15 0 0.0000 0.00000000 0.0000 0.0000 
2022 12 16 0 0.0000 0.00000000 0.0000 0.0000 
2022 12 17 0 0.0000 0.00000000 0.0000 0.0000 
2022 12 18 0 0.0000 0.00000000 0.0000 0.0000 
2022 12 19 0 0.0000 0.00000000 0.0000 0.0000 
2022 12 20 0 2.0200 0.02750192 1.7017 0.0000 
2022 12 21 0 3.7500 0.05261170 3.4594 0.0000 
2022 12 22 0 3.8700 0.05560815 3.8353 0.0000 
2022 12 23 0 2.8700 0.04211141 3.0262 0.0000 
2022 12 24 0 2.0500 0.03017867 2.1881 0.0000 
2022 12 25 0 1.6800 0.02449467 1.7458 0.0000 
2022 12 26 0 3.1400 0.04407511 2.9134 0.0000 
2022 12 27 0 2.5100 0.03661704 2.5963 0.0000 
2022 12 28 0 1.8100 0.02662296 1.9257 0.0000 
2022 12 29 0 1.8000 0.02593822 1.8079 0.0000 
2022 12 30 0 1.6500 0.02387793 1.6738 0.0000 
2022 12 31 0 2.0900 0.02975274 2.0220 0.0000 
2023 1 1 0 1.7100 0.02491585 1.7660 0.0000 
2023 1 2 0 1.4900 0.02163437 1.5280 0.0000 
2023 1 3 0 1.3500 0.01955319 1.3741 0.0000 
2023 1 4 0 1.2500 0.01808059 1.2670 0.0000 
2023 1 5 0 1.7200 0.02440044 1.6469 0.0000 
2023 1 6 0 1.4600 0.02122119 1.4968 0.0000 
2023 1 7 0 1.4800 0.02130015 1.4791 0.0000 
2023 1 8 0 2.9300 0.04105319 2.7014 0.0000 
2023 1 9 0 4.2600 0.06027823 4.0375 0.0000 
2023 1 10 0 3.1400 0.04607571 3.3044 0.0000 
2023 1 11 0 2.6000 0.03788059 2.6949 0.0000 
2023 1 12 0 2.2400 0.03254667 2.3017 0.0000 
2023 1 13 0 1.9100 0.02776844 1.9653 0.0000 
2023 1 14 0 1.6400 0.02383289 1.6856 0.0000 
2023 1 15 0 1.5500 0.02239467 1.5666 0.0000 
2023 1 16 0 1.5000 0.02164059 1.5087 0.0000 
2023 1 17 0 1.4100 0.02037541 1.4246 0.0000 
2023 1 18 0 1.4200 0.02044148 1.4192 0.0000 
2023 1 19 0 1.2500 0.01813333 1.2767 0.0000 
2023 1 20 0 1.2100 0.01745793 1.2178 0.0000 
2023 1 21 0 1.1400 0.01647156 1.1514 0.0000 
2023 1 22 0 1.1400 0.01641704 1.1406 0.0000 
2023 1 23 0 1.3100 0.01873052 1.2832 0.0000 
2023 1 24 0 1.1800 0.01709155 1.1990 0.0000 
2023 1 25 0 1.1800 0.01699393 1.1811 0.0000 
2023 1 26 0 1.3300 0.01903422 1.3064 0.0000 
2023 1 27 0 1.2600 0.01819674 1.2697 0.0000 
2023 1 28 0 1.1600 0.01678356 1.1764 0.0000 
2023 1 29 0 1.0900 0.01575244 1.1019 0.0000 
2023 1 30 0 1.2200 0.01746696 1.2002 0.0000 
2023 1 31 0 1.1800 0.01702148 1.1852 0.0000 
2023 2 1 0 1.1000 0.01590341 1.1129 0.0000 
2023 2 2 0 1.2600 0.01801956 1.2355 0.0000 
2023 2 3 0 1.0900 0.01582711 1.1154 0.0000 
2023 2 4 0 0.9200 0.01338400 0.9483 0.0000 
2023 2 5 0 0.8600 0.01243363 0.8710 0.0000 
2023 2 6 0 0.8000 0.01156800 0.8100 0.0000 
2023 2 7 0 0.7400 0.01070400 0.7500 0.0000 
2023 2 8 0 0.7100 0.01024844 0.7153 0.0000 
2023 2 9 0 0.8100 0.01158593 0.7945 0.0000 
2023 2 10 0 0.8600 0.01234326 0.8512 0.0000 
2023 2 11 0 0.9200 0.01320015 0.9101 0.0000 
2023 2 12 0 0.9700 0.01392785 0.9616 0.0000 
2023 2 13 0 0.9700 0.01396726 0.9695 0.0000 
2023 2 14 0 0.9600 0.01383185 0.9616 0.0000 
2023 2 15 0 0.8200 0.01191807 0.8422 0.0000 
2023 2 16 0 0.7600 0.01099319 0.7707 0.0000 
2023 2 17 0 0.8900 0.01271481 0.8701 0.0000 
2023 2 18 0 0.9700 0.01390326 0.9562 0.0000 
2023 2 19 0 1.0300 0.01478370 1.0198 0.0000 
2023 2 20 0 1.1000 0.01578415 1.0884 0.0000 
2023 2 21 0 1.1600 0.01665585 1.1499 0.0000 
2023 2 22 0 1.0300 0.01493318 1.0499 0.0000 
2023 2 23 0 1.1000 0.01578696 1.0901 0.0000 
2023 2 24 0 1.1600 0.01665585 1.1499 0.0000 
2023 2 25 0 1.4200 0.02024296 1.3785 0.0000 
2023 2 26 0 2.0200 0.02861304 1.9231 0.0000 
2023 2 27 0 2.3800 0.03398045 2.3179 0.0000 
2023 2 28 0 2.0000 0.02909304 2.0566 0.0000 
2023 3 1 0 1.7400 0.02526578 1.7843 0.0000 
2023 3 2 0 1.5500 0.02247304 1.5823 0.0000 
2023 3 3 0 1.4100 0.02041674 1.4338 0.0000 
2023 3 4 0 2.1600 0.03051719 2.0431 0.0000 
2023 3 5 0 4.0000 0.05614415 3.7034 0.0000 
2023 3 6 0 4.0000 0.05757274 3.9835 0.0000 
2023 3 7 0 4.0000 0.05760000 3.9997 0.0000 
2023 3 8 0 4.0000 0.05760000 4.0000 0.0000 
2023 3 9 0 4.0000 0.05760000 4.0000 0.0000 
2023 3 10 0 4.0000 0.05760000 4.0000 0.0000 
2023 3 11 0 4.0000 0.05760000 4.0000 0.0000 
2023 3 12 0 4.0000 0.05760000 4.0000 0.0000 
2023 3 13 0 4.0000 0.05760000 4.0000 0.0000 
2023 3 14 0 4.0000 0.05760000 4.0000 0.0000 
2023 3 15 0 4.0000 0.05760000 4.0000 0.0000 
2023 3 16 0 4.0000 0.05760000 4.0000 0.0000 
2023 3 17 0 4.0000 0.05760000 4.0000 0.0000 
2023 3 18 0 4.0000 0.05760000 4.0000 0.0000 
2023 3 19 0 4.0000 0.05760000 4.0000 0.0000 
2023 3 20 0 4.0000 0.05760000 4.0000 0.0000 
2023 3 21 0 4.0000 0.05760000 4.0000 0.0000 
2023 3 22 0 4.0000 0.05760000 4.0000 0.0000 
2023 3 23 0 4.0000 0.05760000 4.0000 0.0000 
2023 3 24 0 4.0000 0.05760000 4.0000 0.0000 
2023 3 25 0 4.0000 0.05760000 4.0000 0.0000 
2023 3 26 0 4.0000 0.05760000 4.0000 0.0000 
2023 3 27 0 4.0000 0.05760000 4.0000 0.0000 
2023 3 28 0 4.0000 0.05760000 4.0000 0.0000 
2023 3 29 0 4.0000 0.05760000 4.0000 0.0000 
2023 3 30 0 4.0000 0.05760000 4.0000 0.0000 
2023 3 31 0 2.8400 0.04180681 3.0228 0.0000 
2023 4 1 0 0.0000 0.00224711 0.4579 0.0000 
2023 4 2 0 0.0000 0.00004207 0.0255 0.0000 
2023 4 3 0 0.0000 0.00000000 0.0005 0.0000 
2023 4 4 0 0.0000 0.00000000 0.0000 0.0000 
2023 4 5 0 0.0000 0.00000000 0.0000 0.0000 
2023 4 6 0 0.0000 0.00000000 0.0000 0.0000 
2023 4 7 0 0.0000 0.00000000 0.0000 0.0000 
2023 4 8 0 0.0000 0.00000000 0.0000 0.0000 
2023 4 9 0 0.0000 0.00000000 0.0000 0.0000 
2023 4 10 0 0.0000 0.00000000 0.0000 0.0000 
2023 4 11 0 0.2800 0.00381215 0.2359 0.0000 
2023 4 12 0 3.2000 0.04378311 2.7374 0.0000 
2023 4 13 0 3.2000 0.04603674 3.1739 0.0000 
2023 4 14 0 3.2000 0.04608000 3.1995 0.0000 
2023 4 15 0 3.2000 0.04608000 3.2000 0.0000 
2023 4 16 0 3.2000 0.04608000 3.2000 0.0000 
2023 4 17 0 3.2000 0.04608000 3.2000 0.0000 
2023 4 18 0 3.2000 0.04608000 3.2000 0.0000 
2023 4 19 0 3.2000 0.04608000 3.2000 0.0000 
2023 4 20 0 3.2000 0.04608000 3.2000 0.0000 
2023 4 21 0 3.2000 0.04608000 3.2000 0.0000 
2023 4 22 0 3.2000 0.04608000 3.2000 0.0000 
2023 4 23 0 3.2000 0.04608000 3.2000 0.0000 
2023 4 24 0 3.2000 0.04608000 3.2000 0.0000 
2023 4 25 0 3.2000 0.04608000 3.2000 0.0000 
2023 4 26 0 3.2000 0.04608000 3.2000 0.0000 
2023 4 27 0 3.2000 0.04608000 3.2000 0.0000 
2023 4 28 0 3.2000 0.04608000 3.2000 0.0000 
2023 4 29 0 3.2000 0.04608000 3.2000 0.0000 
2023 4 30 0 3.2000 0.04608000 3.2000 0.0000 
2023 5 1 0 3.2000 0.04608000 3.2000 0.0000 
2023 5 2 0 3.2000 0.04608000 3.2000 0.0000 
2023 5 3 0 3.2000 0.04608000 3.2000 0.0000 
2023 5 4 0 3.2000 0.04608000 3.2000 0.0000 
2023 5 5 0 3.2000 0.04608000 3.2000 0.0000 
2023 5 6 0 3.2000 0.04608000 3.2000 0.0000 
2023 5 7 0 3.2000 0.04608000 3.2000 0.0000 
2023 5 8 0 3.2000 0.04608000 3.2000 0.0000 
2023 5 9 0 3.2000 0.04608000 3.2000 0.0000 
2023 5 10 0 3.2000 0.04608000 3.2000 0.0000 
2023 5 11 0 6.3500 0.08896664 5.8536 0.0000 
2023 5 12 0 12.6400 0.17703052 11.6207 0.0000 
2023 5 13 0 13.7000 0.19635452 13.4763 0.0000 
2023 5 14 0 13.5800 0.19563052 13.5884 0.0000 
2023 5 15 0 16.2500 0.23190533 15.8302 0.0000 
2023 5 16 0 20.1300 0.28678591 19.4948 0.0000 
2023 5 17 0 15.9800 0.23331303 16.5989 0.0000 
2023 5 18 0 12.1100 0.17748414 12.7562 0.0000 
2023 5 19 0 10.4200 0.15143230 10.7215 0.0000 
2023 5 20 0 10.2100 0.14721393 10.2588 0.0000 
2023 5 21 0 9.5800 0.13844978 9.6814 0.0000 
2023 5 22 0 9.1700 0.13237926 9.2403 0.0000 
2023 5 23 0 11.2700 0.16064519 10.9428 0.0000 
2023 5 24 0 11.8700 0.17042578 11.7568 0.0000 
2023 5 25 0 10.9900 0.15893807 11.1230 0.0000 
2023 5 26 0 11.4000 0.16385111 11.3431 0.0000 
2023 5 27 0 10.3300 0.14958607 10.4951 0.0000 
2023 5 28 0 8.1900 0.11963214 8.5367 0.0000 
2023 5 29 0 5.9500 0.08747052 6.3222 0.0000 
2023 5 30 0 4.9100 0.07155378 5.0942 0.0000 
2023 5 31 0 4.2200 0.06132518 4.3384 0.0000 
2023 6 1 0 3.6900 0.05356237 3.7798 0.0000 
2023 6 2 0 3.0500 0.04443037 3.1557 0.0000 
2023 6 3 0 2.5500 0.03712207 2.6346 0.0000 
2023 6 4 0 2.2800 0.03305141 2.3271 0.0000 
2023 6 5 0 2.0200 0.02929615 2.0635 0.0000 
2023 6 6 0 1.7400 0.02527970 1.7865 0.0000 
2023 6 7 0 1.4900 0.02165644 1.5319 0.0000 
2023 6 8 0 1.2800 0.01860059 1.3154 0.0000 
2023 6 9 0 1.0900 0.01584830 1.1219 0.0000 
2023 6 10 0 0.9200 0.01338430 0.9485 0.0000 
2023 6 11 0 0.7800 0.01134444 0.8036 0.0000 
2023 6 12 0 0.6800 0.00987259 0.6970 0.0000 
2023 6 13 0 0.6000 0.00870430 0.6135 0.0000 
2023 6 14 0 0.5100 0.00741585 0.5249 0.0000 
2023 6 15 0 0.4600 0.00666459 0.4687 0.0000 
2023 6 16 0 0.4300 0.00621630 0.4352 0.0000 
2023 6 17 0 0.3900 0.00564785 0.3966 0.0000 
2023 6 18 0 0.3700 0.00534430 0.3735 0.0000 
2023 6 19 0 0.3800 0.00546444 0.3786 0.0000 
2023 6 20 0 0.4200 0.00601644 0.4136 0.0000 
2023 6 21 0 0.6300 0.00890652 0.5966 0.0000 
2023 6 22 0 1.9600 0.02717659 1.7485 0.0000 
2023 6 23 0 1.4300 0.02098844 1.5016 0.0000 
2023 6 24 0 1.0000 0.01474548 1.0723 0.0000 
2023 6 25 0 0.7200 0.01059422 0.7680 0.0000 
2023 6 26 0 0.5800 0.00846607 0.6046 0.0000 
2023 6 27 0 0.5400 0.00780948 0.5476 0.0000 
2023 6 28 0 0.5500 0.00791274 0.5488 0.0000 
2023 6 29 0 0.5200 0.00751141 0.5246 0.0000 
2023 6 30 0 0.5200 0.00748844 0.5203 0.0000 
2023 7 1 0 0.4600 0.00667111 0.4695 0.0000 
2023 7 2 0 0.4600 0.00662489 0.4605 0.0000 
2023 7 3 0 0.4600 0.00662400 0.4600 0.0000 
2023 7 4 0 0.5600 0.00798548 0.5442 0.0000 
2023 7 5 0 0.5500 0.00792637 0.5507 0.0000 
2023 7 6 0 0.6400 0.00914548 0.6259 0.0000 
2023 7 7 0 0.8900 0.01261837 0.8498 0.0000 
2023 7 8 0 1.5500 0.02179807 1.4438 0.0000 
2023 7 9 0 1.6600 0.02380785 1.6367 0.0000 
2023 7 10 0 1.4600 0.02117941 1.4904 0.0000 
2023 7 11 0 1.3100 0.01898474 1.3354 0.0000 
2023 7 12 0 1.5400 0.02199763 1.5051 0.0000 
2023 7 13 0 1.3000 0.01890504 1.3358 0.0000 
2023 7 14 0 1.0600 0.01545600 1.0999 0.0000 
2023 7 15 0 1.2300 0.01758207 1.2054 0.0000 
2023 7 16 0 2.3400 0.03282192 2.1636 0.0000 
2023 7 17 0 3.3200 0.04702207 3.1556 0.0000 
2023 7 18 0 2.8400 0.04125837 2.9067 0.0000 
2023 7 19 0 3.2000 0.04580444 3.1474 0.0000 
2023 7 20 0 3.2000 0.04607467 3.1969 0.0000 
2023 7 21 0 3.2000 0.04608000 3.1999 0.0000 
2023 7 22 0 3.2000 0.04608000 3.2000 0.0000 
2023 7 23 0 3.2000 0.04608000 3.2000 0.0000 
2023 7 24 0 3.2000 0.04608000 3.2000 0.0000 
2023 7 25 0 3.2000 0.04608000 3.2000 0.0000 
2023 7 26 0 3.2000 0.04608000 3.2000 0.0000 
2023 7 27 0 3.2000 0.04608000 3.2000 0.0000 
2023 7 28 0 3.2000 0.04608000 3.2000 0.0000 
2023 7 29 0 3.2000 0.04608000 3.2000 0.0000 
2023 7 30 0 3.2000 0.04608000 3.2000 0.0000 
2023 7 31 0 3.2000 0.04608000 3.2000 0.0000 
2023 8 1 0 3.2000 0.04608000 3.2000 0.0000 
2023 8 2 0 3.2000 0.04608000 3.2000 0.0000 
2023 8 3 0 3.2000 0.04608000 3.2000 0.0000 
2023 8 4 0 3.2000 0.04608000 3.2000 0.0000 
2023 8 5 0 3.2000 0.04608000 3.2000 0.0000 
2023 8 6 0 3.2000 0.04608000 3.2000 0.0000 
2023 8 7 0 3.2000 0.04608000 3.2000 0.0000 
2023 8 8 0 3.2000 0.04608000 3.2000 0.0000 
2023 8 9 0 3.2000 0.04608000 3.2000 0.0000 
2023 8 10 0 3.2000 0.04608000 3.2000 0.0000 
2023 8 11 0 3.2000 0.04608000 3.2000 0.0000 
2023 8 12 0 3.2000 0.04608000 3.2000 0.0000 
2023 8 13 0 3.2000 0.04608000 3.2000 0.0000 
2023 8 14 0 3.2000 0.04608000 3.2000 0.0000 
2023 8 15 0 3.2000 0.04608000 3.2000 0.0000 
2023 8 16 0 3.2000 0.04608000 3.2000 0.0000 
2023 8 17 0 3.2000 0.04608000 3.2000 0.0000 
2023 8 18 0 3.2000 0.04608000 3.2000 0.0000 
2023 8 19 0 3.2000 0.04608000 3.2000 0.0000 
2023 8 20 0 3.2000 0.04608000 3.2000 0.0000 
2023 8 21 0 3.2000 0.04608000 3.2000 0.0000 
2023 8 22 0 3.2000 0.04608000 3.2000 0.0000 
2023 8 23 0 3.2000 0.04608000 3.2000 0.0000 
2023 8 24 0 3.2000 0.04608000 3.2000 0.0000 
2023 8 25 0 3.2000 0.04608000 3.2000 0.0000 
2023 8 26 0 3.2000 0.04608000 3.2000 0.0000 
2023 8 27 0 3.2000 0.04608000 3.2000 0.0000 
2023 8 28 0 3.2000 0.04608000 3.2000 0.0000 
2023 8 29 0 3.2000 0.04608000 3.2000 0.0000 
2023 8 30 0 3.2000 0.04608000 3.2000 0.0000 
2023 8 31 0 3.2000 0.04608000 3.2000 0.0000 
