POWERSTATION node 10 EASTER
init_Power = 0.00000
penstock_config = SEPARATE
headloss_coef = 0.145000
yyyy mm dd hh [m3/s]    [Euro/MWh]  [fr_g0] [fr_g1] [m3/s] [m3/s] [m] [m] [MWh] [GWh/Mm3] [Euro] [Euro] [Euro] [Euro] [Euro] [Euro]
yyyy mm dd hh Up_Inflow Price Action_g0 Action_g1 tot_outflow auto_qmin Hnetto Hbrutto Power est_eekv income tot_cost startstopCost adjust_cost cost_aggressive_actions profit
2022 9 1 0 24.8000 564.8800 1.0000 1.0000 24.8000 0.0000 159.2601 191.8851 765.7240 0.3574  432542.1652 2.0000 2.0000 0.0000 0.0000 432540.1652
2022 9 2 0 11.5900 425.8500 0.8000 0.2500 11.5900 0.0000 189.5609 191.6000 414.0750 0.4135  176333.8354 0.0000 0.0000 0.0000 0.0000 176333.8354
2022 9 3 0 9.7100 383.9200 0.7000 0.1900 9.7100 0.0000 190.3922 191.5699 346.6048 0.4131  133068.5211 0.0000 0.0000 0.0000 0.0000 133068.5211
2022 9 4 0 10.3740 310.1000 0.6300 0.2800 10.3740 0.0000 188.9677 191.5255 386.5171 0.4312  119858.9522 0.0000 0.0000 0.0000 0.0000 119858.9522
2022 9 5 0 8.9300 388.8400 0.1000 0.5300 8.9300 0.0000 182.2267 191.3911 321.8243 0.4171  125138.1655 0.0000 0.0000 0.0000 0.0000 125138.1655
2022 9 6 0 7.6500 414.3500 0.0000 0.5100 7.6500 0.0000 182.6885 191.1743 290.3539 0.4393  120308.1206 1.0000 1.0000 0.0000 0.0000 120307.1206
2022 9 7 0 7.9900 451.5300 0.8000 0.0100 7.9900 0.0000 191.0523 191.0556 284.2559 0.4118  128350.0636 2.0000 2.0000 0.0000 0.0000 128348.0636
2022 9 8 0 20.8900 426.5600 0.8000 0.8700 20.8900 0.0000 166.1659 190.8597 704.4975 0.3903  300510.4731 1.0000 1.0000 0.0000 0.0000 300509.4731
2022 9 9 0 22.6900 352.9300 0.8000 0.9900 22.6900 0.0000 158.4657 190.4415 720.5621 0.3676  254307.9828 0.0000 0.0000 0.0000 0.0000 254307.9828
2022 9 10 0 17.8900 410.9400 0.8000 0.6700 17.8900 0.0000 175.4329 190.0783 642.7292 0.4158  264123.1372 0.0000 0.0000 0.0000 0.0000 264123.1372
2022 9 11 0 10.8400 400.0100 0.8000 0.2000 10.8400 0.0000 188.6183 189.9233 378.0563 0.4037  151226.2946 0.0000 0.0000 0.0000 0.0000 151226.2946
2022 9 12 0 20.1400 407.9500 0.8000 0.8200 20.1400 0.0000 167.8041 189.7412 689.4720 0.3962  281270.1292 0.0000 0.0000 0.0000 0.0000 281270.1292
2022 9 13 0 18.3400 382.5800 0.8000 0.7000 18.3400 0.0000 173.5148 189.5010 651.9945 0.4115  249440.0307 0.0000 0.0000 0.0000 0.0000 249440.0307
2022 9 14 0 16.2400 425.5000 0.8000 0.5600 16.2400 0.0000 179.1291 189.3603 593.0477 0.4227  252341.7964 0.0000 0.0000 0.0000 0.0000 252341.7964
2022 9 15 0 10.0900 355.8200 0.8000 0.1500 10.0900 0.0000 188.5890 189.3231 341.1529 0.3913  121389.0266 0.0000 0.0000 0.0000 0.0000 121389.0266
2022 9 16 0 8.1400 329.3900 0.8000 0.0200 8.1400 0.0000 189.3970 189.4100 282.6508 0.4019  93102.3438 0.0000 0.0000 0.0000 0.0000 93102.3438
2022 9 17 0 11.5000 246.9600 0.5000 0.4400 11.5000 0.0000 183.1181 189.4343 437.3544 0.4402  108009.0434 0.0000 0.0000 0.0000 0.0000 108009.0434
2022 9 18 0 20.1500 117.5900 1.0000 0.6900 20.1500 0.0000 173.7122 189.2450 684.5443 0.3932  80495.5588 0.0000 0.0000 0.0000 0.0000 80495.5588
2022 9 19 0 11.2900 288.3300 0.8000 0.2300 11.2900 0.0000 187.3529 189.0787 395.2027 0.4051  113948.7926 0.0000 0.0000 0.0000 0.0000 113948.7926
2022 9 20 0 14.2900 380.8200 0.8000 0.4300 14.2900 0.0000 182.9692 189.0016 522.3149 0.4230  198907.9513 0.0000 0.0000 0.0000 0.0000 198907.9513
2022 9 21 0 9.3400 388.8300 0.8000 0.1000 9.3400 0.0000 188.5608 188.8871 312.5051 0.3873  121511.3536 0.0000 0.0000 0.0000 0.0000 121511.3536
2022 9 22 0 19.0900 378.9000 0.8000 0.7500 19.0900 0.0000 170.2509 188.6025 665.2627 0.4033  252068.0271 0.0000 0.0000 0.0000 0.0000 252068.0271
2022 9 23 0 9.4900 359.9800 0.8000 0.1100 9.4900 0.0000 187.9012 188.2960 316.4073 0.3859  113900.2931 0.0000 0.0000 0.0000 0.0000 113900.2931
2022 9 24 0 17.4400 350.7100 0.8000 0.6400 17.4400 0.0000 174.6560 188.0192 623.5660 0.4138  218690.8155 0.0000 0.0000 0.0000 0.0000 218690.8155
2022 9 25 0 21.0400 299.0800 0.8000 0.8800 21.0400 0.0000 162.2751 187.5399 692.7401 0.3811  207184.7140 0.0000 0.0000 0.0000 0.0000 207184.7140
2022 9 26 0 14.8900 259.4000 0.8000 0.4700 14.8900 0.0000 179.9279 187.1347 539.7812 0.4196  140019.2524 0.0000 0.0000 0.0000 0.0000 140019.2524
2022 9 27 0 21.6400 306.8900 0.8000 0.9200 21.6400 0.0000 159.1769 186.7907 696.1784 0.3723  213650.2070 0.0000 0.0000 0.0000 0.0000 213650.2070
2022 9 28 0 10.3900 308.5200 0.8000 0.1700 10.3900 0.0000 185.7396 186.6824 349.3507 0.3892  107781.6848 0.0000 0.0000 0.0000 0.0000 107781.6848
2022 9 29 0 16.0900 347.1000 0.8000 0.5500 16.0900 0.0000 176.8569 186.7260 579.6550 0.4170  201198.2653 0.0000 0.0000 0.0000 0.0000 201198.2653
2022 9 30 0 20.7400 278.9700 0.8000 0.8600 20.7400 0.0000 162.3631 186.4925 684.7507 0.3821  191024.9100 0.0000 0.0000 0.0000 0.0000 191024.9100
2022 10 1 0 9.3400 90.2400 0.8000 0.1000 9.3400 0.0000 186.1439 186.4701 308.3279 0.3821  27823.5085 0.0000 0.0000 0.0000 0.0000 27823.5085
2022 10 2 0 17.1400 182.7200 0.8000 0.6200 17.1400 0.0000 174.0828 186.6239 610.6322 0.4123  111574.7140 0.0000 0.0000 0.0000 0.0000 111574.7140
2022 10 3 0 17.4400 234.6000 0.8000 0.6400 17.4400 0.0000 173.1995 186.5627 618.4239 0.4104  145082.2515 0.0000 0.0000 0.0000 0.0000 145082.2515
2022 10 4 0 8.7400 199.0100 0.8000 0.0600 8.7400 0.0000 186.4380 186.5555 288.2909 0.3818  57372.7659 0.0000 0.0000 0.0000 0.0000 57372.7659
2022 10 5 0 9.7900 51.1100 0.8000 0.1300 9.7900 0.0000 186.0905 186.6419 324.1962 0.3833  16569.6700 0.0000 0.0000 0.0000 0.0000 16569.6700
2022 10 6 0 16.9900 23.8700 0.8000 0.6100 16.9900 0.0000 174.4688 186.6086 606.4962 0.4132  14477.0656 0.0000 0.0000 0.0000 0.0000 14477.0656
2022 10 7 0 17.1400 30.2900 0.8000 0.6200 17.1400 0.0000 173.9541 186.4952 610.1849 0.4120  18482.5001 0.0000 0.0000 0.0000 0.0000 18482.5001
2022 10 8 0 21.1900 53.3800 0.8000 0.8900 21.1900 0.0000 160.5004 186.3427 689.5469 0.3766  36808.0144 0.0000 0.0000 0.0000 0.0000 36808.0144
2022 10 9 0 22.0900 91.9400 0.8000 0.9500 22.0900 0.0000 156.6360 186.0801 697.2868 0.3653  64108.5469 0.0000 0.0000 0.0000 0.0000 64108.5469
2022 10 10 0 14.4400 137.7100 0.8000 0.4400 14.4400 0.0000 179.5645 185.8807 519.0036 0.4160  71471.9851 0.0000 0.0000 0.0000 0.0000 71471.9851
2022 10 11 0 9.9400 174.3200 0.8000 0.1400 9.9400 0.0000 185.2375 185.8770 328.5950 0.3826  57280.6754 0.0000 0.0000 0.0000 0.0000 57280.6754
2022 10 12 0 13.9900 199.9900 0.8000 0.4100 13.9900 0.0000 180.3742 185.8585 501.9091 0.4152  100376.8078 0.0000 0.0000 0.0000 0.0000 100376.8078
2022 10 13 0 11.5900 233.6000 0.8000 0.2500 11.5900 0.0000 183.7439 185.7830 401.0396 0.4005  93682.8567 0.0000 0.0000 0.0000 0.0000 93682.8567
2022 10 14 0 19.0900 217.2400 0.8000 0.7500 19.0900 0.0000 167.2488 185.6003 653.7912 0.3964  142029.5977 0.0000 0.0000 0.0000 0.0000 142029.5977
2022 10 15 0 12.7900 154.6600 0.8000 0.3300 12.7900 0.0000 181.9094 185.4623 452.6238 0.4096  70002.7974 0.0000 0.0000 0.0000 0.0000 70002.7974
2022 10 16 0 16.3900 113.2100 0.8000 0.5700 16.3900 0.0000 174.8851 185.4850 584.8868 0.4130  66215.0290 0.0000 0.0000 0.0000 0.0000 66215.0290
2022 10 17 0 14.5900 146.2200 0.8000 0.4500 14.5900 0.0000 178.8964 185.5030 523.5612 0.4153  76555.1224 0.0000 0.0000 0.0000 0.0000 76555.1224
2022 10 18 0 20.1400 163.8200 0.8000 0.8200 20.1400 0.0000 163.4982 185.4353 672.3010 0.3864  110136.3567 0.0000 0.0000 0.0000 0.0000 110136.3567
2022 10 19 0 9.6400 159.7000 0.8000 0.1200 9.6400 0.0000 184.9498 185.4196 316.5171 0.3800  50547.7860 0.0000 0.0000 0.0000 0.0000 50547.7860
2022 10 20 0 14.4400 142.1100 0.8000 0.4400 14.4400 0.0000 179.1334 185.4496 517.7478 0.4150  73577.1361 0.0000 0.0000 0.0000 0.0000 73577.1361
2022 10 21 0 18.1900 157.4800 0.8000 0.6900 18.1900 0.0000 169.7512 185.2839 632.8023 0.4026  99653.7028 0.0000 0.0000 0.0000 0.0000 99653.7028
2022 10 22 0 10.0900 142.0700 0.8000 0.1500 10.0900 0.0000 184.4231 185.1572 333.3352 0.3824  47356.9397 0.0000 0.0000 0.0000 0.0000 47356.9397
2022 10 23 0 19.9900 99.6700 0.8000 0.8100 19.9900 0.0000 163.5440 184.9492 668.1569 0.3869  66595.1975 0.0000 0.0000 0.0000 0.0000 66595.1975
2022 10 24 0 21.0400 85.2000 0.8000 0.8800 21.0400 0.0000 159.2584 184.5232 680.3357 0.3743  57964.6008 0.0000 0.0000 0.0000 0.0000 57964.6008
2022 10 25 0 14.1400 110.5100 0.8000 0.4200 14.1400 0.0000 178.4894 184.2444 502.9952 0.4117  55586.0048 0.0000 0.0000 0.0000 0.0000 55586.0048
2022 10 26 0 16.5400 121.4900 0.8000 0.5800 16.5400 0.0000 173.1032 184.0782 584.7456 0.4092  71040.7368 0.0000 0.0000 0.0000 0.0000 71040.7368
2022 10 27 0 8.2900 117.6600 0.8000 0.0300 8.2900 0.0000 184.0230 184.0524 275.8218 0.3851  32453.1964 0.0000 0.0000 0.0000 0.0000 32453.1964
2022 10 28 0 22.3900 103.2200 0.8000 0.9700 22.3900 0.0000 153.2639 183.9608 690.5687 0.3570  71280.5062 0.0000 0.0000 0.0000 0.0000 71280.5062
2022 10 29 0 16.5400 101.6200 0.8000 0.5800 16.5400 0.0000 172.7747 183.7497 583.6420 0.4084  59309.6981 0.0000 0.0000 0.0000 0.0000 59309.6981
2022 10 30 0 9.1900 117.9300 0.8000 0.0900 9.1900 0.0000 183.5516 183.8158 297.8411 0.3751  35124.4012 0.0000 0.0000 0.0000 0.0000 35124.4012
2022 10 31 0 11.4400 144.1300 0.8000 0.2400 11.4400 0.0000 182.0836 183.9628 390.4729 0.3950  56278.8634 0.0000 0.0000 0.0000 0.0000 56278.8634
2022 11 1 0 10.8400 72.4900 0.8000 0.2000 10.8400 0.0000 182.7560 184.0610 365.9375 0.3907  26526.8107 0.0000 0.0000 0.0000 0.0000 26526.8107
2022 11 2 0 11.7400 71.1700 0.8000 0.2600 11.7400 0.0000 182.0219 184.2273 404.1705 0.3985  28764.8118 0.0000 0.0000 0.0000 0.0000 28764.8118
2022 11 3 0 13.3900 86.5000 0.8000 0.3700 13.3900 0.0000 180.1605 184.6269 474.5283 0.4102  41046.6974 0.0000 0.0000 0.0000 0.0000 41046.6974
2022 11 4 0 13.8400 72.6700 0.8000 0.4000 13.8400 0.0000 180.0911 185.3111 494.7073 0.4137  35950.3751 0.0000 0.0000 0.0000 0.0000 35950.3751
2022 11 5 0 17.2900 47.6500 0.8000 0.6300 17.2900 0.0000 173.1122 186.0611 612.6911 0.4101  29194.7310 0.0000 0.0000 0.0000 0.0000 29194.7310
2022 11 6 0 22.6900 35.7500 0.8000 0.9900 22.6900 0.0000 154.6113 186.5870 703.9101 0.3591  25164.7861 0.0000 0.0000 0.0000 0.0000 25164.7861
2022 11 7 0 21.3400 43.8300 0.8000 0.9000 21.3400 0.0000 160.6375 187.0637 694.1977 0.3765  30426.6884 0.0000 0.0000 0.0000 0.0000 30426.6884
2022 11 8 0 14.8900 51.0900 0.8000 0.4700 14.8900 0.0000 180.5315 187.7383 541.6011 0.4210  27670.3984 0.0000 0.0000 0.0000 0.0000 27670.3984
2022 11 9 0 12.1900 42.5700 0.8000 0.2900 12.1900 0.0000 185.8563 188.6001 435.1921 0.4132  18526.1286 0.0000 0.0000 0.0000 0.0000 18526.1286
2022 11 10 0 16.2400 27.4000 0.8000 0.5600 16.2400 0.0000 179.1861 189.4173 593.2358 0.4228  16254.6603 0.0000 0.0000 0.0000 0.0000 16254.6603
2022 11 11 0 22.6900 2.0000 0.8000 0.9900 22.6900 0.0000 157.9025 189.8782 718.1289 0.3663  1436.2577 0.0000 0.0000 0.0000 0.0000 1436.2577
2022 11 12 0 10.5400 2.3700 0.8000 0.1800 10.5400 0.0000 189.2306 190.2877 363.5435 0.3992  861.5980 0.0000 0.0000 0.0000 0.0000 861.5980
2022 11 13 0 11.2900 29.9300 0.8000 0.2300 11.2900 0.0000 189.0340 190.7598 398.8493 0.4089  11937.5605 0.0000 0.0000 0.0000 0.0000 11937.5605
2022 11 14 0 17.2900 53.6800 0.8000 0.6300 17.2900 0.0000 178.0461 190.9949 629.9740 0.4217  33817.0065 0.0000 0.0000 0.0000 0.0000 33817.0065
2022 11 15 0 16.2400 53.7500 0.8000 0.5600 16.2400 0.0000 180.8289 191.0601 598.6557 0.4267  32177.7415 0.0000 0.0000 0.0000 0.0000 32177.7415
2022 11 16 0 8.8900 27.6900 0.8000 0.0700 8.8900 0.0000 191.0998 191.2597 300.1183 0.3907  8310.2753 0.0000 0.0000 0.0000 0.0000 8310.2753
2022 11 17 0 7.9900 48.9100 0.8000 0.0100 7.9900 0.0000 191.6530 191.6562 285.1932 0.4131  13948.8003 1.0000 1.0000 0.0000 0.0000 13947.8003
2022 11 18 0 21.0400 113.7000 0.8000 0.8800 21.0400 0.0000 166.5980 191.8628 710.5152 0.3909  80785.5738 1.0000 1.0000 0.0000 0.0000 80784.5738
2022 11 19 0 10.5400 167.1000 0.8000 0.1800 10.5400 0.0000 190.9179 191.9749 366.8941 0.4029  61308.0083 0.0000 0.0000 0.0000 0.0000 61308.0083
2022 11 20 0 18.7900 162.8400 0.8000 0.7300 18.7900 0.0000 174.6669 192.0527 671.8226 0.4138  109399.5918 0.0000 0.0000 0.0000 0.0000 109399.5918
2022 11 21 0 16.3900 209.5500 0.8000 0.5700 16.3900 0.0000 181.3577 191.9576 606.4364 0.4282  127078.7485 0.0000 0.0000 0.0000 0.0000 127078.7485
2022 11 22 0 18.1900 174.4300 0.8000 0.6900 18.1900 0.0000 176.2779 191.8107 656.7360 0.4179  114554.4580 0.0000 0.0000 0.0000 0.0000 114554.4580
2022 11 23 0 10.9900 149.8400 0.8000 0.2100 10.9900 0.0000 190.2743 191.7131 388.0143 0.4086  58140.0636 0.0000 0.0000 0.0000 0.0000 58140.0636
2022 11 24 0 8.7400 172.1800 0.8000 0.0600 8.7400 0.0000 191.6566 191.7740 296.7441 0.3930  51093.4055 0.0000 0.0000 0.0000 0.0000 51093.4055
2022 11 25 0 18.0400 200.3300 0.8000 0.6800 18.0400 0.0000 176.7198 191.8056 652.8711 0.4189  130789.6702 0.0000 0.0000 0.0000 0.0000 130789.6702
2022 11 26 0 12.7900 196.0200 0.8000 0.3300 12.7900 0.0000 188.3737 191.9265 469.0050 0.4244  91934.3657 0.0000 0.0000 0.0000 0.0000 91934.3657
2022 11 27 0 22.0900 146.0400 0.8000 0.9500 22.0900 0.0000 162.6371 192.0812 722.7753 0.3787  105554.0942 0.0000 0.0000 0.0000 0.0000 105554.0942
2022 11 28 0 22.2400 195.3000 0.8000 0.9600 22.2400 0.0000 162.2105 192.2777 724.9418 0.3773  141581.1300 0.0000 0.0000 0.0000 0.0000 141581.1300
2022 11 29 0 10.8400 362.5600 0.8000 0.2000 10.8400 0.0000 191.4509 192.7559 383.9117 0.4099  139191.0403 0.0000 0.0000 0.0000 0.0000 139191.0403
2022 11 30 0 10.6900 364.6000 0.8000 0.1900 10.6900 0.0000 192.0700 193.2478 377.0191 0.4082  137461.1584 0.0000 0.0000 0.0000 0.0000 137461.1584
2022 12 1 0 12.3400 349.6500 0.8000 0.3000 12.3400 0.0000 190.6192 193.5554 454.5080 0.4263  158918.7083 0.0000 0.0000 0.0000 0.0000 158918.7083
2022 12 2 0 14.5900 324.9900 0.8000 0.4500 14.5900 0.0000 187.0800 193.6866 547.6759 0.4345  177989.1867 0.0000 0.0000 0.0000 0.0000 177989.1867
2022 12 3 0 21.3400 268.8200 0.8000 0.9000 21.3400 0.0000 167.1548 193.5810 721.2546 0.3912  193887.6738 0.0000 0.0000 0.0000 0.0000 193887.6738
2022 12 4 0 15.9400 271.5000 0.8000 0.5400 15.9400 0.0000 183.8782 193.3917 596.5045 0.4331  161950.9590 0.0000 0.0000 0.0000 0.0000 161950.9590
2022 12 5 0 13.3900 290.7800 0.8000 0.3700 13.3900 0.0000 188.8290 193.2953 497.6937 0.4302  144719.3865 0.0000 0.0000 0.0000 0.0000 144719.3865
2022 12 6 0 12.1900 346.8000 0.8000 0.2900 12.1900 0.0000 190.4903 193.2341 446.2827 0.4237  154770.8303 0.0000 0.0000 0.0000 0.0000 154770.8303
2022 12 7 0 14.8900 334.1100 0.8000 0.4700 14.8900 0.0000 185.9200 193.1269 557.8462 0.4336  186381.9971 0.0000 0.0000 0.0000 0.0000 186381.9971
2022 12 8 0 13.6900 399.0300 0.8000 0.3900 13.6900 0.0000 188.0825 193.0447 509.7817 0.4310  203418.1949 0.0000 0.0000 0.0000 0.0000 203418.1949
2022 12 9 0 12.0400 418.6900 0.8000 0.2800 12.0400 0.0000 190.5318 193.0896 438.6207 0.4216  183646.1208 0.0000 0.0000 0.0000 0.0000 183646.1208
2022 12 10 0 13.8400 362.9800 0.8000 0.4000 13.8400 0.0000 187.9242 193.1442 516.4750 0.4319  187470.1147 0.0000 0.0000 0.0000 0.0000 187470.1147
2022 12 11 0 12.6400 338.6100 0.8000 0.3200 12.6400 0.0000 189.8462 193.1870 465.9718 0.4267  157782.6994 0.0000 0.0000 0.0000 0.0000 157782.6994
2022 12 12 0 15.4900 446.1100 0.8000 0.5100 15.4900 0.0000 184.7082 193.1939 580.8292 0.4340  259113.7007 0.0000 0.0000 0.0000 0.0000 259113.7007
2022 12 13 0 16.6900 458.6300 0.8000 0.5900 16.6900 0.0000 181.7571 193.1139 619.8738 0.4299  284292.7437 0.0000 0.0000 0.0000 0.0000 284292.7437
2022 12 14 0 10.5400 451.4100 0.8000 0.1800 10.5400 0.0000 192.0548 193.1118 369.1519 0.4054  166638.8464 0.0000 0.0000 0.0000 0.0000 166638.8464
2022 12 15 0 11.1400 396.6100 0.8000 0.2200 11.1400 0.0000 191.6190 193.1980 397.5712 0.4131  157680.7260 0.0000 0.0000 0.0000 0.0000 157680.7260
2022 12 16 0 10.9900 413.8400 0.8000 0.2100 10.9900 0.0000 191.8238 193.2626 391.2690 0.4121  161922.7566 0.0000 0.0000 0.0000 0.0000 161922.7566
2022 12 17 0 14.4400 254.6500 0.8000 0.4400 14.4400 0.0000 186.9434 193.2596 540.4975 0.4332  137637.6812 0.0000 0.0000 0.0000 0.0000 137637.6812
2022 12 18 0 11.1400 206.4000 0.8000 0.2200 11.1400 0.0000 191.6724 193.2515 397.6853 0.4132  82082.2401 0.0000 0.0000 0.0000 0.0000 82082.2401
2022 12 19 0 11.5900 211.4800 0.8000 0.2500 11.5900 0.0000 191.2516 193.2906 417.8636 0.4173  88369.7829 0.0000 0.0000 0.0000 0.0000 88369.7829
2022 12 20 0 13.6900 205.2500 0.8000 0.3900 13.6900 0.0000 188.3178 193.2800 510.4272 0.4315  104765.1753 0.0000 0.0000 0.0000 0.0000 104765.1753
2022 12 21 0 11.2900 223.3000 0.8000 0.2300 11.2900 0.0000 191.5373 193.2631 404.2794 0.4145  90275.6016 0.0000 0.0000 0.0000 0.0000 90275.6016
2022 12 22 0 13.2400 201.9700 0.8000 0.3600 13.2400 0.0000 189.0136 193.2418 491.2048 0.4294  99208.6420 0.0000 0.0000 0.0000 0.0000 99208.6420
2022 12 23 0 16.6900 193.2900 0.8000 0.5900 16.6900 0.0000 181.7621 193.1189 619.8909 0.4299  119818.7009 0.0000 0.0000 0.0000 0.0000 119818.7009
2022 12 24 0 18.0400 142.3700 0.8000 0.6800 18.0400 0.0000 177.8181 192.9039 656.8691 0.4214  93518.4573 0.0000 0.0000 0.0000 0.0000 93518.4573
2022 12 25 0 11.2900 129.4400 0.8000 0.2300 11.2900 0.0000 191.0545 192.7803 403.2322 0.4134  52194.3765 0.0000 0.0000 0.0000 0.0000 52194.3765
2022 12 26 0 10.5400 111.7200 0.8000 0.1800 10.5400 0.0000 191.7566 192.8137 368.5598 0.4047  41175.4966 0.0000 0.0000 0.0000 0.0000 41175.4966
2022 12 27 0 22.5400 141.3500 0.8000 0.9800 22.5400 0.0000 161.2814 192.6145 728.8332 0.3742  103020.5765 0.0000 0.0000 0.0000 0.0000 103020.5765
2022 12 28 0 9.7900 122.1300 0.8000 0.1300 9.7900 0.0000 191.7904 192.3418 334.5255 0.3955  40855.6039 0.0000 0.0000 0.0000 0.0000 40855.6039
2022 12 29 0 9.0400 96.2800 0.8000 0.0800 9.0400 0.0000 192.0637 192.2725 306.6591 0.3926  29525.1346 0.0000 0.0000 0.0000 0.0000 29525.1346
2022 12 30 0 13.0900 100.4100 0.8000 0.3500 13.0900 0.0000 188.1393 192.1359 482.0085 0.4262  48398.4740 0.0000 0.0000 0.0000 0.0000 48398.4740
2022 12 31 0 9.1900 116.2200 0.8000 0.0900 9.1900 0.0000 191.7580 192.0223 311.7601 0.3926  36232.7634 0.0000 0.0000 0.0000 0.0000 36232.7634
2023 1 1 0 13.9900 112.5700 0.8000 0.4100 13.9900 0.0000 186.4210 191.9052 518.9140 0.4293  58414.1471 0.0000 0.0000 0.0000 0.0000 58414.1471
2023 1 2 0 19.6900 149.2600 0.8000 0.7900 19.6900 0.0000 171.2178 191.5790 689.0808 0.4051  102852.1979 0.0000 0.0000 0.0000 0.0000 102852.1979
2023 1 3 0 17.1400 154.5400 0.8000 0.6200 17.1400 0.0000 178.6426 191.1837 626.4785 0.4230  96815.9807 0.0000 0.0000 0.0000 0.0000 96815.9807
2023 1 4 0 16.0900 114.6400 0.8000 0.5500 16.0900 0.0000 180.9750 190.8441 593.1175 0.4266  67994.9943 0.0000 0.0000 0.0000 0.0000 67994.9943
2023 1 5 0 22.2400 144.1600 0.8000 0.9600 22.2400 0.0000 160.3435 190.4107 716.9773 0.3731  103359.4553 0.0000 0.0000 0.0000 0.0000 103359.4553
2023 1 6 0 15.9400 126.0400 0.8000 0.5400 15.9400 0.0000 180.4640 189.9774 585.4461 0.4251  73789.6224 0.0000 0.0000 0.0000 0.0000 73789.6224
2023 1 7 0 17.2900 102.5400 0.8000 0.6300 17.2900 0.0000 176.6853 189.6341 625.2072 0.4185  64108.7513 0.0000 0.0000 0.0000 0.0000 64108.7513
2023 1 8 0 9.0400 75.8000 0.8000 0.0800 9.0400 0.0000 189.2956 189.5044 302.0438 0.3867  22894.9229 0.0000 0.0000 0.0000 0.0000 22894.9229
2023 1 9 0 21.4900 133.2800 0.8000 0.9100 21.4900 0.0000 162.4465 189.4633 705.8053 0.3801  94069.7242 0.0000 0.0000 0.0000 0.0000 94069.7242
2023 1 10 0 16.3900 130.4400 0.8000 0.5700 16.3900 0.0000 178.7093 189.3092 597.6188 0.4220  77953.3970 0.0000 0.0000 0.0000 0.0000 77953.3970
2023 1 11 0 19.9900 96.6800 0.8000 0.8100 19.9900 0.0000 167.6897 189.0949 684.6005 0.3964  66187.1757 0.0000 0.0000 0.0000 0.0000 66187.1757
2023 1 12 0 11.8900 89.9500 0.8000 0.2700 11.8900 0.0000 186.5360 188.9144 421.7591 0.4106  37937.2310 0.0000 0.0000 0.0000 0.0000 37937.2310
2023 1 13 0 12.3400 82.8000 0.8000 0.3000 12.3400 0.0000 185.8997 188.8359 443.0242 0.4155  36682.4018 0.0000 0.0000 0.0000 0.0000 36682.4018
2023 1 14 0 19.6900 94.7100 0.8000 0.7900 19.6900 0.0000 168.2308 188.5920 677.3708 0.3982  64153.7905 0.0000 0.0000 0.0000 0.0000 64153.7905
2023 1 15 0 17.5900 70.7800 0.8000 0.6500 17.5900 0.0000 174.4553 188.2394 628.3117 0.4134  44471.9048 0.0000 0.0000 0.0000 0.0000 44471.9048
2023 1 16 0 12.7900 139.7600 0.8000 0.3300 12.7900 0.0000 184.4503 188.0031 459.0626 0.4154  64158.5886 0.0000 0.0000 0.0000 0.0000 64158.5886
2023 1 17 0 13.5400 134.1900 0.8000 0.3800 13.5400 0.0000 183.1219 187.8330 489.2783 0.4182  65656.2517 0.0000 0.0000 0.0000 0.0000 65656.2517
2023 1 18 0 16.0900 138.3800 0.8000 0.5500 16.0900 0.0000 177.7327 187.6018 582.5181 0.4190  80608.8636 0.0000 0.0000 0.0000 0.0000 80608.8636
2023 1 19 0 12.6400 148.5600 0.8000 0.3200 12.6400 0.0000 184.0372 187.3780 451.4481 0.4134  67067.1219 0.0000 0.0000 0.0000 0.0000 67067.1219
2023 1 20 0 20.7400 162.5000 0.8000 0.8600 20.7400 0.0000 162.9300 187.0594 687.0587 0.3834  111647.0362 0.0000 0.0000 0.0000 0.0000 111647.0362
2023 1 21 0 9.1900 150.1900 0.8000 0.0900 9.1900 0.0000 186.5310 186.7953 302.8946 0.3815  45491.7355 0.0000 0.0000 0.0000 0.0000 45491.7355
2023 1 22 0 8.7400 151.8000 0.8000 0.0600 8.7400 0.0000 186.6196 186.7371 288.5851 0.3822  43807.2129 0.0000 0.0000 0.0000 0.0000 43807.2129
2023 1 23 0 15.9400 197.7300 0.8000 0.5400 15.9400 0.0000 177.0461 186.5595 574.3757 0.4171  113571.3045 0.0000 0.0000 0.0000 0.0000 113571.3045
2023 1 24 0 15.0400 184.5400 0.8000 0.4800 15.0400 0.0000 178.7534 186.2702 542.8425 0.4177  100176.1483 0.0000 0.0000 0.0000 0.0000 100176.1483
2023 1 25 0 11.2900 137.5700 0.8000 0.2300 11.2900 0.0000 184.4018 186.1277 388.8012 0.3986  53487.3880 0.0000 0.0000 0.0000 0.0000 53487.3880
2023 1 26 0 8.5900 132.3800 0.8000 0.0500 8.5900 0.0000 186.1124 186.1940 284.2383 0.3830  37627.4687 0.0000 0.0000 0.0000 0.0000 37627.4687
2023 1 27 0 12.1640 154.0500 0.4300 0.5300 12.1640 0.0000 177.0463 186.2107 450.5135 0.4287  69401.6079 0.0000 0.0000 0.0000 0.0000 69401.6079
2023 1 28 0 5.7000 116.8100 0.0000 0.3800 5.7000 0.0000 181.4162 186.1272 208.4101 0.4232  24344.3857 1.0000 1.0000 0.0000 0.0000 24343.3857
2023 1 29 0 6.9000 102.3700 0.0000 0.4600 6.9000 0.0000 179.1191 186.0226 254.6766 0.4272  26071.2424 0.0000 0.0000 0.0000 0.0000 26071.2424
2023 1 30 0 8.2500 90.0000 0.0000 0.5500 8.2500 0.0000 175.9835 185.8525 300.9782 0.4222  27088.0363 0.0000 0.0000 0.0000 0.0000 27088.0363
2023 1 31 0 1.6500 105.1200 0.0000 0.1100 1.6500 0.0000 185.3809 185.7757 36.2837 0.2545  3814.1415 0.0000 0.0000 0.0000 0.0000 3814.1415
2023 2 1 0 2.8500 103.8300 0.0000 0.1900 2.8500 0.0000 184.6087 185.7864 86.1863 0.3500  8948.7215 0.0000 0.0000 0.0000 0.0000 8948.7215
2023 2 2 0 11.4000 145.2800 0.0000 0.7600 11.4000 0.0000 166.7864 185.6306 381.4886 0.3873  55422.6585 0.0000 0.0000 0.0000 0.0000 55422.6585
2023 2 3 0 9.1500 113.1000 0.0000 0.6100 9.1500 0.0000 173.2373 185.3771 327.1706 0.4138  37002.9965 0.0000 0.0000 0.0000 0.0000 37002.9965
2023 2 4 0 13.0500 138.8200 0.0000 0.8700 13.0500 0.0000 160.3699 185.0637 406.1904 0.3603  56387.3505 0.0000 0.0000 0.0000 0.0000 56387.3505
2023 2 5 0 4.2000 122.8300 0.0000 0.2800 4.2000 0.0000 182.2563 184.8141 144.9369 0.3994  17802.5983 0.0000 0.0000 0.0000 0.0000 17802.5983
2023 2 6 0 12.1500 161.3800 0.0000 0.8100 12.1500 0.0000 163.1716 184.5768 392.8471 0.3742  63397.6612 0.0000 0.0000 0.0000 0.0000 63397.6612
2023 2 7 0 12.9000 132.4500 0.0000 0.8600 12.9000 0.0000 160.0385 184.1680 402.0913 0.3608  53256.9927 0.0000 0.0000 0.0000 0.0000 53256.9927
2023 2 8 0 14.4000 120.3300 0.0000 0.9600 14.4000 0.0000 153.6449 183.7121 415.9173 0.3343  50047.3335 0.0000 0.0000 0.0000 0.0000 50047.3335
2023 2 9 0 11.5500 98.3400 0.0000 0.7700 11.5500 0.0000 163.9432 183.2866 379.0638 0.3799  37277.1301 0.0000 0.0000 0.0000 0.0000 37277.1301
2023 2 10 0 9.7500 97.5400 0.0000 0.6500 9.7500 0.0000 169.1750 182.9590 338.2132 0.4015  32989.3114 0.0000 0.0000 0.0000 0.0000 32989.3114
2023 2 11 0 1.8000 94.6300 0.0000 0.1200 1.8000 0.0000 182.3549 182.8247 40.7902 0.2623  3859.9765 0.0000 0.0000 0.0000 0.0000 3859.9765
2023 2 12 0 3.1500 111.6200 0.0000 0.2100 3.1500 0.0000 181.3850 182.8238 98.2426 0.3610  10965.8363 0.0000 0.0000 0.0000 0.0000 10965.8363
2023 2 13 0 6.4500 115.7800 0.0000 0.4300 6.4500 0.0000 176.7047 182.7371 233.3132 0.4187  27012.9992 0.0000 0.0000 0.0000 0.0000 27012.9992
2023 2 14 0 9.0000 140.8300 0.0000 0.6000 9.0000 0.0000 170.7929 182.5379 317.7874 0.4087  44754.0001 0.0000 0.0000 0.0000 0.0000 44754.0001
2023 2 15 0 2.1000 122.5300 0.0000 0.1400 2.1000 0.0000 181.7741 182.4136 51.7495 0.2852  6340.8605 0.0000 0.0000 0.0000 0.0000 6340.8605
2023 2 16 0 14.4000 120.9800 0.0000 0.9600 14.4000 0.0000 152.1072 182.1744 411.7549 0.3310  49814.1145 0.0000 0.0000 0.0000 0.0000 49814.1145
2023 2 17 0 5.8500 92.1200 0.0000 0.3900 5.8500 0.0000 176.9049 181.8672 209.5110 0.4145  19300.1565 0.0000 0.0000 0.0000 0.0000 19300.1565
2023 2 18 0 11.2500 97.8800 0.0000 0.7500 11.2500 0.0000 163.2795 181.6311 369.3834 0.3800  36155.2476 0.0000 0.0000 0.0000 0.0000 36155.2476
2023 2 19 0 4.5000 107.6300 0.0000 0.3000 4.5000 0.0000 178.4907 181.4269 156.0737 0.4014  16798.2113 0.0000 0.0000 0.0000 0.0000 16798.2113
2023 2 20 0 12.7500 77.5600 0.0000 0.8500 12.7500 0.0000 157.6287 181.2002 392.7938 0.3566  30465.0880 0.0000 0.0000 0.0000 0.0000 30465.0880
2023 2 21 0 9.1500 106.7100 0.0000 0.6100 9.1500 0.0000 168.7526 180.8924 318.7010 0.4031  34008.5784 0.0000 0.0000 0.0000 0.0000 34008.5784
2023 2 22 0 6.9000 118.3800 0.0000 0.4600 6.9000 0.0000 173.7888 180.6923 247.0978 0.4145  29251.4407 0.0000 0.0000 0.0000 0.0000 29251.4407
2023 2 23 0 13.0500 116.1600 0.0000 0.8700 13.0500 0.0000 155.7147 180.4085 394.3995 0.3498  45813.4521 0.0000 0.0000 0.0000 0.0000 45813.4521
2023 2 24 0 8.1000 103.8000 0.0000 0.5400 8.1000 0.0000 170.5819 180.0954 286.5918 0.4095  29748.2347 0.0000 0.0000 0.0000 0.0000 29748.2347
2023 2 25 0 6.4500 97.6000 0.0000 0.4300 6.4500 0.0000 173.8744 179.9067 229.5761 0.4120  22406.6232 0.0000 0.0000 0.0000 0.0000 22406.6232
2023 2 26 0 6.3000 111.9200 0.0000 0.4200 6.3000 0.0000 174.0030 179.7581 223.9076 0.4114  25059.7408 0.0000 0.0000 0.0000 0.0000 25059.7408
2023 2 27 0 1.2000 124.5700 0.0000 0.0800 1.2000 0.0000 179.4978 179.7066 19.4672 0.1878  2425.0291 0.0000 0.0000 0.0000 0.0000 2425.0291
2023 2 28 0 0.9000 124.0900 0.0000 0.0600 0.9000 0.0000 179.6361 179.7535 10.9587 0.1409  1359.8694 0.0000 0.0000 0.0000 0.0000 1359.8694
2023 3 1 0 3.4500 130.8400 0.0000 0.2300 3.4500 0.0000 178.0441 179.7700 108.6705 0.3646  14218.4463 0.0000 0.0000 0.0000 0.0000 14218.4463
2023 3 2 0 10.8000 120.4000 0.0000 0.7200 10.8000 0.0000 162.7054 179.6182 355.7435 0.3812  42831.5197 0.0000 0.0000 0.0000 0.0000 42831.5197
2023 3 3 0 13.3500 115.5800 0.0000 0.8900 13.3500 0.0000 153.4447 179.2869 394.8074 0.3423  45631.8415 0.0000 0.0000 0.0000 0.0000 45631.8415
2023 3 4 0 10.8000 112.2200 0.0000 0.7200 10.8000 0.0000 162.0504 178.9632 354.3113 0.3797  39760.8125 0.0000 0.0000 0.0000 0.0000 39760.8125
2023 3 5 0 9.9000 129.9600 0.0000 0.6600 9.9000 0.0000 164.5171 178.7285 333.4092 0.3898  43329.8591 0.0000 0.0000 0.0000 0.0000 43329.8591
2023 3 6 0 13.5000 153.1300 0.0000 0.9000 13.5000 0.0000 152.0335 178.4598 394.1806 0.3379  60360.8744 0.0000 0.0000 0.0000 0.0000 60360.8744
2023 3 7 0 0.9000 116.0800 0.0000 0.0600 0.9000 0.0000 178.2448 178.3623 10.8739 0.1398  1262.2379 0.0000 0.0000 0.0000 0.0000 1262.2379
2023 3 8 0 10.0500 150.8300 0.0000 0.6700 10.0500 0.0000 163.6917 178.3370 336.2052 0.3872  50709.8268 0.0000 0.0000 0.0000 0.0000 50709.8268
2023 3 9 0 3.9000 138.5100 0.0000 0.2600 3.9000 0.0000 176.0566 178.2621 126.5932 0.3757  17534.4167 0.0000 0.0000 0.0000 0.0000 17534.4167
2023 3 10 0 14.4000 127.3700 0.0000 0.9600 14.4000 0.0000 148.0374 178.1046 400.7379 0.3221  51041.9864 0.0000 0.0000 0.0000 0.0000 51041.9864
2023 3 11 0 7.6500 110.5300 0.0000 0.5100 7.6500 0.0000 169.3910 177.8768 269.2196 0.4073  29756.8468 0.0000 0.0000 0.0000 0.0000 29756.8468
2023 3 12 0 0.4500 106.8200 0.0000 0.0300 0.4500 0.0000 177.8877 177.9171 2.7130 0.0698  289.8047 0.0000 0.0000 0.0000 0.0000 289.8047
2023 3 13 0 2.1000 94.6800 0.0000 0.1400 2.1000 0.0000 177.4265 178.0660 50.5117 0.2784  4782.4512 0.0000 0.0000 0.0000 0.0000 4782.4512
2023 3 14 0 9.9000 102.8300 0.0000 0.6600 9.9000 0.0000 163.8261 178.0376 332.0089 0.3882  34140.4792 0.0000 0.0000 0.0000 0.0000 34140.4792
2023 3 15 0 12.3000 121.6400 0.0000 0.8200 12.3000 0.0000 155.8783 177.8154 378.6217 0.3563  46055.5423 0.0000 0.0000 0.0000 0.0000 46055.5423
2023 3 16 0 13.5000 112.8100 0.0000 0.9000 13.5000 0.0000 151.0966 177.5228 391.7514 0.3359  44193.4698 0.0000 0.0000 0.0000 0.0000 44193.4698
2023 3 17 0 4.5000 104.1500 0.0000 0.3000 4.5000 0.0000 174.4460 177.3822 152.5370 0.3923  15886.7237 0.0000 0.0000 0.0000 0.0000 15886.7237
2023 3 18 0 3.1500 109.0000 0.0000 0.2100 3.1500 0.0000 176.0091 177.4479 95.3309 0.3503  10391.0636 0.0000 0.0000 0.0000 0.0000 10391.0636
2023 3 19 0 8.8500 110.0900 0.0000 0.5900 8.8500 0.0000 166.0819 177.4387 304.0374 0.3976  33471.4795 0.0000 0.0000 0.0000 0.0000 33471.4795
2023 3 20 0 12.9000 116.7600 0.0000 0.8600 12.9000 0.0000 153.1216 177.2511 384.7128 0.3452  44919.0712 0.0000 0.0000 0.0000 0.0000 44919.0712
2023 3 21 0 5.4000 111.3100 0.0000 0.3600 5.4000 0.0000 172.9076 177.1358 186.4933 0.3997  20758.5720 0.0000 0.0000 0.0000 0.0000 20758.5720
2023 3 22 0 11.7000 92.3600 0.0000 0.7800 11.7000 0.0000 157.1976 177.0467 367.3561 0.3634  33929.0106 0.0000 0.0000 0.0000 0.0000 33929.0106
2023 3 23 0 0.7500 86.1100 0.0000 0.0500 0.7500 0.0000 176.9721 177.0537 7.4974 0.1157  645.5990 0.0000 0.0000 0.0000 0.0000 645.5990
2023 3 24 0 3.0000 83.8300 0.0000 0.2000 3.0000 0.0000 175.9421 177.2471 89.4449 0.3451  7498.1643 0.0000 0.0000 0.0000 0.0000 7498.1643
2023 3 25 0 14.7000 73.3600 0.0000 0.9800 14.7000 0.0000 145.8689 177.2019 400.1872 0.3151  29357.7339 0.0000 0.0000 0.0000 0.0000 29357.7339
2023 3 26 0 8.7000 92.4600 0.0000 0.5800 8.7000 0.0000 166.0896 177.0646 299.0613 0.3979  27651.2064 0.0000 0.0000 0.0000 0.0000 27651.2064
2023 3 27 0 8.7000 100.9400 0.0000 0.5800 8.7000 0.0000 166.0731 177.0481 299.0316 0.3978  30184.2469 0.0000 0.0000 0.0000 0.0000 30184.2469
2023 3 28 0 14.4000 123.8500 0.0000 0.9600 14.4000 0.0000 146.8526 176.9198 397.5307 0.3195  49234.1779 0.0000 0.0000 0.0000 0.0000 49234.1779
2023 3 29 0 7.3500 127.0200 0.0000 0.4900 7.3500 0.0000 168.9598 176.7931 257.5827 0.4056  32718.1481 0.0000 0.0000 0.0000 0.0000 32718.1481
2023 3 30 0 0.6000 103.7800 0.0000 0.0400 0.6000 0.0000 176.8551 176.9073 4.7951 0.0925  497.6405 0.0000 0.0000 0.0000 0.0000 497.6405
2023 3 31 0 0.7500 111.8200 0.0000 0.0500 0.7500 0.0000 177.0598 177.1414 7.5011 0.1158  838.7720 0.0000 0.0000 0.0000 0.0000 838.7720
2023 4 1 0 9.7500 97.9300 0.0000 0.6500 9.7500 0.0000 163.4246 177.2087 326.7171 0.3878  31995.4017 0.0000 0.0000 0.0000 0.0000 31995.4017
2023 4 2 0 9.7500 105.1000 0.0000 0.6500 9.7500 0.0000 163.3362 177.1202 326.5403 0.3876  34319.3853 0.0000 0.0000 0.0000 0.0000 34319.3853
2023 4 3 0 13.2000 126.4800 0.0000 0.8800 13.2000 0.0000 151.7008 176.9656 387.2923 0.3396  48984.7309 0.0000 0.0000 0.0000 0.0000 48984.7309
2023 4 4 0 7.6500 133.1300 0.0000 0.5100 7.6500 0.0000 168.3393 176.8250 267.5480 0.4048  35618.6663 0.0000 0.0000 0.0000 0.0000 35618.6663
2023 4 5 0 5.2500 130.9100 0.0000 0.3500 5.2500 0.0000 172.8104 176.8070 180.3911 0.3977  23614.9989 0.0000 0.0000 0.0000 0.0000 23614.9989
2023 4 6 0 4.6500 125.8900 0.0000 0.3100 4.6500 0.0000 173.6861 176.8213 157.6648 0.3924  19848.4237 0.0000 0.0000 0.0000 0.0000 19848.4237
2023 4 7 0 9.6000 117.9200 0.0000 0.6400 9.6000 0.0000 163.3634 176.7266 322.1017 0.3883  37982.2300 0.0000 0.0000 0.0000 0.0000 37982.2300
2023 4 8 0 8.2500 120.6500 0.0000 0.5500 8.2500 0.0000 166.6770 176.5461 285.0617 0.3999  34392.6954 0.0000 0.0000 0.0000 0.0000 34392.6954
2023 4 9 0 5.7000 110.2100 0.0000 0.3800 5.7000 0.0000 171.7197 176.4308 197.2709 0.4006  21741.2264 0.0000 0.0000 0.0000 0.0000 21741.2264
2023 4 10 0 4.0500 54.3700 0.0000 0.2700 4.0500 0.0000 174.0141 176.3925 131.6886 0.3763  7159.9104 0.0000 0.0000 0.0000 0.0000 7159.9104
2023 4 11 0 4.8860 84.4600 0.0700 0.2800 4.8860 0.0000 173.9624 176.5202 147.9138 0.3504  12492.7954 1.0000 1.0000 0.0000 0.0000 12491.7954
2023 4 12 0 18.9400 111.9800 0.8000 0.7400 18.9400 0.0000 158.7586 176.6241 616.5991 0.3768  69046.7692 0.0000 0.0000 0.0000 0.0000 69046.7692
2023 4 13 0 22.0900 107.2100 0.8000 0.9500 22.0900 0.0000 147.0952 176.5392 656.7638 0.3441  70411.6425 0.0000 0.0000 0.0000 0.0000 70411.6425
2023 4 14 0 22.6900 118.9300 0.8000 0.9900 22.6900 0.0000 144.4668 176.4425 660.0833 0.3367  78503.7088 0.0000 0.0000 0.0000 0.0000 78503.7088
2023 4 15 0 9.3400 111.6600 0.8000 0.1000 9.3400 0.0000 176.2872 176.6135 291.2926 0.3610  32525.7335 0.0000 0.0000 0.0000 0.0000 32525.7335
2023 4 16 0 10.8400 115.1500 0.8000 0.2000 10.8400 0.0000 175.7000 177.0050 351.3513 0.3751  40458.1057 0.0000 0.0000 0.0000 0.0000 40458.1057
2023 4 17 0 20.4400 125.4800 0.8000 0.8400 20.4400 0.0000 154.1741 177.1943 643.3070 0.3643  80722.1612 0.0000 0.0000 0.0000 0.0000 80722.1612
2023 4 18 0 9.7900 114.7600 0.8000 0.1300 9.7900 0.0000 176.8747 177.4261 307.4955 0.3635  35288.1852 0.0000 0.0000 0.0000 0.0000 35288.1852
2023 4 19 0 11.5900 108.7500 0.8000 0.2500 11.5900 0.0000 175.8091 177.8482 383.2584 0.3827  41679.3548 0.0000 0.0000 0.0000 0.0000 41679.3548
2023 4 20 0 19.3900 111.1600 0.8000 0.7700 19.3900 0.0000 158.7696 178.1129 630.8580 0.3766  70126.1779 0.0000 0.0000 0.0000 0.0000 70126.1779
2023 4 21 0 20.5900 107.9900 0.8000 0.8500 20.5900 0.0000 154.6745 178.2460 649.3963 0.3650  70128.3093 0.0000 0.0000 0.0000 0.0000 70128.3093
2023 4 22 0 16.6900 98.4000 0.8000 0.5900 16.6900 0.0000 167.1262 178.4829 570.2825 0.3955  56115.7997 0.0000 0.0000 0.0000 0.0000 56115.7997
2023 4 23 0 9.9400 97.8600 0.8000 0.1400 9.9400 0.0000 178.4166 179.0560 316.0203 0.3680  30925.7493 0.0000 0.0000 0.0000 0.0000 30925.7493
2023 4 24 0 15.9400 116.5300 0.8000 0.5400 15.9400 0.0000 170.2573 179.7707 552.3873 0.4011  64369.6906 0.0000 0.0000 0.0000 0.0000 64369.6906
2023 4 25 0 22.5400 104.4700 0.8000 0.9800 22.5400 0.0000 148.9109 180.2439 675.6113 0.3469  70581.1126 0.0000 0.0000 0.0000 0.0000 70581.1126
2023 4 26 0 13.2400 114.3700 0.8000 0.3600 13.2400 0.0000 176.4709 180.6991 458.1245 0.4005  52395.6989 0.0000 0.0000 0.0000 0.0000 52395.6989
2023 4 27 0 18.3400 123.3800 0.8000 0.7000 18.3400 0.0000 165.1458 181.1320 621.0791 0.3920  76628.7429 0.0000 0.0000 0.0000 0.0000 76628.7429
2023 4 28 0 22.2400 121.7100 0.8000 0.9600 22.2400 0.0000 151.2274 181.2946 678.0897 0.3529  82530.2978 0.0000 0.0000 0.0000 0.0000 82530.2978
2023 4 29 0 14.8900 112.7000 0.8000 0.4700 14.8900 0.0000 174.2435 181.4504 522.6443 0.4063  58902.0058 0.0000 0.0000 0.0000 0.0000 58902.0058
2023 4 30 0 18.7900 99.7900 0.8000 0.7300 18.7900 0.0000 164.2340 181.6199 632.4836 0.3896  63115.5405 0.0000 0.0000 0.0000 0.0000 63115.5405
2023 5 1 0 22.5400 106.3400 0.8000 0.9800 22.5400 0.0000 150.2763 181.6094 681.4859 0.3499  72469.2086 0.0000 0.0000 0.0000 0.0000 72469.2086
2023 5 2 0 20.2900 121.7900 0.8000 0.8300 20.2900 0.0000 159.0782 181.5536 658.8837 0.3758  80245.4412 0.0000 0.0000 0.0000 0.0000 80245.4412
2023 5 3 0 14.2900 118.1800 0.8000 0.4300 14.2900 0.0000 175.6227 181.6551 501.1628 0.4059  59227.4172 0.0000 0.0000 0.0000 0.0000 59227.4172
2023 5 4 0 21.6400 112.1600 0.8000 0.9200 21.6400 0.0000 154.1220 181.7358 674.9962 0.3610  75707.5769 0.0000 0.0000 0.0000 0.0000 75707.5769
2023 5 5 0 15.7900 97.5700 0.8000 0.5300 15.7900 0.0000 172.6101 181.7745 554.2485 0.4063  54078.0247 0.0000 0.0000 0.0000 0.0000 54078.0247
2023 5 6 0 12.1900 94.9300 0.8000 0.2900 12.1900 0.0000 179.2206 181.9643 419.3108 0.3981  39805.1769 0.0000 0.0000 0.0000 0.0000 39805.1769
2023 5 7 0 10.5400 88.0500 0.8000 0.1800 10.5400 0.0000 181.1895 182.2466 347.5748 0.3817  30603.9663 0.0000 0.0000 0.0000 0.0000 30603.9663
2023 5 8 0 11.2900 102.0400 0.8000 0.2300 11.2900 0.0000 180.8481 182.5740 381.0926 0.3907  38886.6876 0.0000 0.0000 0.0000 0.0000 38886.6876
2023 5 9 0 17.4400 96.1600 0.8000 0.6400 17.4400 0.0000 169.5021 182.8653 605.3702 0.4018  58212.3990 0.0000 0.0000 0.0000 0.0000 58212.3990
2023 5 10 0 14.8900 94.0200 0.8000 0.4700 14.8900 0.0000 176.1439 183.3508 528.3735 0.4107  49677.6783 0.0000 0.0000 0.0000 0.0000 49677.6783
2023 5 11 0 9.7540 101.3600 0.2300 0.5000 9.7540 0.0000 176.0028 184.1590 347.5350 0.4124  35226.1437 0.0000 0.0000 0.0000 0.0000 35226.1437
2023 5 12 0 0.6000 91.5000 0.0000 0.0400 0.6000 0.0000 185.1541 185.2063 5.0202 0.0968  459.3449 1.0000 1.0000 0.0000 0.0000 458.3449
2023 5 13 0 3.0000 74.6100 0.0000 0.2000 3.0000 0.0000 185.1198 186.4248 94.1106 0.3631  7021.5920 0.0000 0.0000 0.0000 0.0000 7021.5920
2023 5 14 0 15.0000 72.7500 0.0000 1.0000 15.0000 0.0000 154.8687 187.4937 430.3997 0.3321  31311.5757 0.0000 0.0000 0.0000 0.0000 31311.5757
2023 5 15 0 3.9000 94.8900 0.0000 0.2600 3.9000 0.0000 186.4285 188.6339 134.0510 0.3978  12720.1029 0.0000 0.0000 0.0000 0.0000 12720.1029
2023 5 16 0 3.0000 63.0700 0.0000 0.2000 3.0000 0.0000 188.7739 190.0789 95.9683 0.3702  6052.7185 0.0000 0.0000 0.0000 0.0000 6052.7185
2023 5 17 0 2.5500 54.3000 0.0000 0.1700 2.5500 0.0000 190.6879 191.6308 74.1601 0.3366  4026.8936 0.0000 0.0000 0.0000 0.0000 4026.8936
2023 5 18 0 0.1500 88.1100 0.0000 0.0100 0.1500 0.0000 193.2238 193.2271 0.3274 0.0253  28.8503 1.0000 1.0000 0.0000 0.0000 27.8503
2023 5 19 0 13.0500 92.9400 0.0000 0.8700 13.0500 0.0000 169.8645 194.5584 430.2388 0.3816  39986.3949 1.0000 1.0000 0.0000 0.0000 39985.3949
2023 5 20 0 12.1500 52.6300 0.0000 0.8100 12.1500 0.0000 174.1781 195.5833 419.3460 0.3995  22070.1822 0.0000 0.0000 0.0000 0.0000 22070.1822
2023 5 21 0 7.9500 37.1300 0.0000 0.5300 7.9500 0.0000 187.4602 196.6246 309.2848 0.4503  11483.7440 0.0000 0.0000 0.0000 0.0000 11483.7440
2023 5 22 0 6.4500 84.4700 0.0000 0.4300 6.4500 0.0000 191.7059 197.7383 253.1201 0.4542  21381.0552 0.0000 0.0000 0.0000 0.0000 21381.0552
2023 5 23 0 13.3500 63.0000 0.0000 0.8900 13.3500 0.0000 173.0198 198.8620 445.1733 0.3860  28045.9195 0.0000 0.0000 0.0000 0.0000 28045.9195
2023 5 24 0 7.9500 82.4800 0.0000 0.5300 7.9500 0.0000 190.8856 200.0500 314.9362 0.4585  25975.9421 0.0000 0.0000 0.0000 0.0000 25975.9421
2023 5 25 0 13.6500 57.6600 0.0000 0.9100 13.6500 0.0000 174.1687 201.1854 454.9768 0.3858  26233.9629 0.0000 0.0000 0.0000 0.0000 26233.9629
2023 5 26 0 3.1500 61.9200 0.0000 0.2100 3.1500 0.0000 200.8864 202.3252 108.8050 0.3998  6737.2066 0.0000 0.0000 0.0000 0.0000 6737.2066
2023 5 27 0 0.3000 61.7400 0.0000 0.0200 0.3000 0.0000 203.5817 203.5948 1.3799 0.0532  85.1981 0.0000 0.0000 0.0000 0.0000 85.1981
2023 5 28 0 11.2500 48.1500 0.0000 0.7500 11.2500 0.0000 186.2808 204.6324 421.4187 0.4336  20291.3097 0.0000 0.0000 0.0000 0.0000 20291.3097
2023 5 29 0 2.1000 41.9900 0.0000 0.1400 2.1000 0.0000 204.8486 205.4881 58.3186 0.3214  2448.7961 0.0000 0.0000 0.0000 0.0000 2448.7961
2023 5 30 0 5.4000 85.7800 0.0000 0.3600 5.4000 0.0000 202.0565 206.2847 217.9325 0.4671  18694.2473 0.0000 0.0000 0.0000 0.0000 18694.2473
2023 5 31 0 1.2000 60.1500 0.0000 0.0800 1.2000 0.0000 206.7756 206.9844 22.4256 0.2163  1348.8988 0.0000 0.0000 0.0000 0.0000 1348.8988
2023 6 1 0 13.0500 67.1300 0.0000 0.8700 13.0500 0.0000 182.7787 207.4725 462.9481 0.4106  31077.7061 0.0000 0.0000 0.0000 0.0000 31077.7061
2023 6 2 0 9.6000 80.9600 0.0000 0.6400 9.6000 0.0000 194.3847 207.7479 383.2661 0.4621  31029.2221 0.0000 0.0000 0.0000 0.0000 31029.2221
2023 6 3 0 3.0000 62.3200 0.0000 0.2000 3.0000 0.0000 206.7929 208.0979 105.1287 0.4056  6551.6197 0.0000 0.0000 0.0000 0.0000 6551.6197
2023 6 4 0 9.4500 61.2100 0.0000 0.6300 9.4500 0.0000 195.4309 208.3797 379.9339 0.4653  23255.7551 0.0000 0.0000 0.0000 0.0000 23255.7551
2023 6 5 0 4.8000 87.8500 0.0000 0.3200 4.8000 0.0000 205.2336 208.5744 193.2025 0.4659  16972.8364 0.0000 0.0000 0.0000 0.0000 16972.8364
2023 6 6 0 4.8000 90.1800 0.0000 0.3200 4.8000 0.0000 205.4483 208.7891 193.4045 0.4663  17441.2184 0.0000 0.0000 0.0000 0.0000 17441.2184
2023 6 7 0 7.3500 96.7800 0.0000 0.4900 7.3500 0.0000 201.0863 208.9195 306.5601 0.4827  29668.8836 0.0000 0.0000 0.0000 0.0000 29668.8836
2023 6 8 0 6.9000 89.0900 0.0000 0.4600 6.9000 0.0000 202.0743 208.9778 287.3150 0.4819  25596.8883 0.0000 0.0000 0.0000 0.0000 25596.8883
2023 6 9 0 13.3500 88.9200 0.0000 0.8900 13.3500 0.0000 183.0662 208.9085 471.0226 0.4084  41883.3246 0.0000 0.0000 0.0000 0.0000 41883.3246
2023 6 10 0 12.1500 61.8300 0.0000 0.8100 12.1500 0.0000 187.3219 208.7271 450.9906 0.4296  27884.7483 0.0000 0.0000 0.0000 0.0000 27884.7483
2023 6 11 0 6.7500 47.6500 0.0000 0.4500 6.7500 0.0000 202.0119 208.6184 280.3659 0.4807  13359.4360 0.0000 0.0000 0.0000 0.0000 13359.4360
2023 6 12 0 3.3000 88.7900 0.0000 0.2200 3.3000 0.0000 207.0412 208.6202 119.1766 0.4180  10581.6923 0.0000 0.0000 0.0000 0.0000 10581.6923
2023 6 13 0 1.0500 99.0700 0.0000 0.0700 1.0500 0.0000 208.5279 208.6878 17.3151 0.1909  1715.4055 0.0000 0.0000 0.0000 0.0000 1715.4055
2023 6 14 0 11.5500 105.6600 0.0000 0.7700 11.5500 0.0000 189.2684 208.6118 437.6199 0.4385  46238.9167 0.0000 0.0000 0.0000 0.0000 46238.9167
2023 6 15 0 4.9500 116.5000 0.0000 0.3300 4.9500 0.0000 204.9087 208.4616 199.8413 0.4673  23281.5168 0.0000 0.0000 0.0000 0.0000 23281.5168
2023 6 16 0 13.6500 123.1200 0.0000 0.9100 13.6500 0.0000 181.2509 208.2676 473.4774 0.4015  58294.5414 0.0000 0.0000 0.0000 0.0000 58294.5414
2023 6 17 0 13.6500 107.5100 0.0000 0.9100 13.6500 0.0000 180.9151 207.9318 472.6003 0.4007  50809.2549 0.0000 0.0000 0.0000 0.0000 50809.2549
2023 6 18 0 6.7500 102.7200 0.0000 0.4500 6.7500 0.0000 201.0872 207.6938 279.0826 0.4785  28667.3658 0.0000 0.0000 0.0000 0.0000 28667.3658
2023 6 19 0 13.2000 116.7200 0.0000 0.8800 13.2000 0.0000 182.1917 207.4565 465.1354 0.4078  54290.6002 0.0000 0.0000 0.0000 0.0000 54290.6002
2023 6 20 0 2.4000 131.3100 0.0000 0.1600 2.4000 0.0000 206.4457 207.2809 72.7669 0.3509  9555.0151 0.0000 0.0000 0.0000 0.0000 9555.0151
2023 6 21 0 8.4000 131.9100 0.0000 0.5600 8.4000 0.0000 196.9452 207.1764 342.7656 0.4723  45214.2084 0.0000 0.0000 0.0000 0.0000 45214.2084
2023 6 22 0 1.9500 129.3300 0.0000 0.1300 1.9500 0.0000 206.5329 207.0843 52.3233 0.3106  6766.9683 0.0000 0.0000 0.0000 0.0000 6766.9683
2023 6 23 0 1.6500 112.7300 0.0000 0.1100 1.6500 0.0000 206.7104 207.1052 40.4584 0.2838  4560.8764 0.0000 0.0000 0.0000 0.0000 4560.8764
2023 6 24 0 5.5500 91.6000 0.0000 0.3700 5.5500 0.0000 202.6097 207.0761 225.6157 0.4705  20666.4008 0.0000 0.0000 0.0000 0.0000 20666.4008
2023 6 25 0 14.5500 78.9200 0.0000 0.9700 14.5500 0.0000 176.1520 206.8489 480.0741 0.3819  37887.4488 0.0000 0.0000 0.0000 0.0000 37887.4488
2023 6 26 0 1.2000 97.3600 0.0000 0.0800 1.2000 0.0000 206.4762 206.6850 22.3931 0.2160  2180.1933 0.0000 0.0000 0.0000 0.0000 2180.1933
2023 6 27 0 8.8500 97.1000 0.0000 0.5900 8.8500 0.0000 195.2496 206.6064 357.4332 0.4675  34706.7675 0.0000 0.0000 0.0000 0.0000 34706.7675
2023 6 28 0 3.6000 110.3800 0.0000 0.2400 3.6000 0.0000 204.6082 206.4874 132.1445 0.4248  14586.1109 0.0000 0.0000 0.0000 0.0000 14586.1109
2023 6 29 0 10.8000 115.5800 0.0000 0.7200 10.8000 0.0000 189.4213 206.3341 414.1557 0.4438  47868.1189 0.0000 0.0000 0.0000 0.0000 47868.1189
2023 6 30 0 0.6000 106.1600 0.0000 0.0400 0.6000 0.0000 206.1750 206.2272 5.5901 0.1078  593.4461 0.0000 0.0000 0.0000 0.0000 593.4461
2023 7 1 0 5.1000 61.0800 0.0000 0.3400 5.1000 0.0000 202.4368 206.2082 204.3463 0.4637  12481.4734 0.0000 0.0000 0.0000 0.0000 12481.4734
2023 7 2 0 4.8000 15.9100 0.0000 0.3200 4.8000 0.0000 202.7844 206.1252 190.8968 0.4603  3037.1675 0.0000 0.0000 0.0000 0.0000 3037.1675
2023 7 3 0 13.9500 50.3200 0.0000 0.9300 13.9500 0.0000 177.6906 205.9079 471.0182 0.3908  23701.6376 0.0000 0.0000 0.0000 0.0000 23701.6376
2023 7 4 0 11.8500 83.2500 0.0000 0.7900 11.8500 0.0000 185.2267 205.5879 437.4149 0.4272  36414.7931 0.0000 0.0000 0.0000 0.0000 36414.7931
2023 7 5 0 7.8000 80.5300 0.0000 0.5200 7.8000 0.0000 196.5455 205.3673 318.3291 0.4724  25635.0441 0.0000 0.0000 0.0000 0.0000 25635.0441
2023 7 6 0 0.4500 96.7500 0.0000 0.0300 0.4500 0.0000 205.2949 205.3243 3.1310 0.0805  302.9256 0.0000 0.0000 0.0000 0.0000 302.9256
2023 7 7 0 11.1000 101.0400 0.0000 0.7400 11.1000 0.0000 187.3731 205.2385 419.1777 0.4371  42353.7140 0.0000 0.0000 0.0000 0.0000 42353.7140
2023 7 8 0 3.4500 87.4600 0.0000 0.2300 3.4500 0.0000 203.3821 205.1080 124.1357 0.4165  10856.9107 0.0000 0.0000 0.0000 0.0000 10856.9107
2023 7 9 0 11.2500 94.0500 0.0000 0.7500 11.2500 0.0000 186.6159 204.9675 422.1767 0.4343  39705.7234 0.0000 0.0000 0.0000 0.0000 39705.7234
2023 7 10 0 13.6500 98.2100 0.0000 0.9100 13.6500 0.0000 177.6523 204.6690 464.0769 0.3935  45576.9946 0.0000 0.0000 0.0000 0.0000 45576.9946
2023 7 11 0 10.8000 89.8900 0.0000 0.7200 10.8000 0.0000 187.4812 204.3940 409.9139 0.4393  36847.1558 0.0000 0.0000 0.0000 0.0000 36847.1558
2023 7 12 0 5.4000 76.6900 0.0000 0.3600 5.4000 0.0000 200.0581 204.2863 215.7771 0.4625  16547.9453 0.0000 0.0000 0.0000 0.0000 16547.9453
2023 7 13 0 9.4500 83.4900 0.0000 0.6300 9.4500 0.0000 191.2706 204.2194 371.8460 0.4554  31045.4192 0.0000 0.0000 0.0000 0.0000 31045.4192
2023 7 14 0 5.7000 85.4800 0.0000 0.3800 5.7000 0.0000 199.4294 204.1404 229.1036 0.4652  19583.7783 0.0000 0.0000 0.0000 0.0000 19583.7783
2023 7 15 0 10.6500 33.3300 0.0000 0.7100 10.6500 0.0000 187.6037 204.0499 405.3876 0.4406  13511.5692 0.0000 0.0000 0.0000 0.0000 13511.5692
2023 7 16 0 5.5500 17.8600 0.0000 0.3700 5.5500 0.0000 199.5761 204.0424 222.2376 0.4635  3969.1636 0.0000 0.0000 0.0000 0.0000 3969.1636
2023 7 17 0 7.6500 30.5600 0.0000 0.5100 7.6500 0.0000 195.7374 204.2232 311.0930 0.4707  9507.0008 0.0000 0.0000 0.0000 0.0000 9507.0008
2023 7 18 0 14.1000 64.7000 0.0000 0.9400 14.1000 0.0000 175.5025 204.3300 468.5432 0.3846  30314.7438 0.0000 0.0000 0.0000 0.0000 30314.7438
2023 7 19 0 10.0900 77.7600 0.8000 0.1500 10.0900 0.0000 203.7315 204.4656 369.5689 0.4239  28737.6780 1.0000 1.0000 0.0000 0.0000 28736.6780
2023 7 20 0 10.8400 64.6700 0.8000 0.2000 10.8400 0.0000 203.4191 204.7241 408.6527 0.4363  26427.5711 0.0000 0.0000 0.0000 0.0000 26427.5711
2023 7 21 0 17.1400 83.1300 0.8000 0.6200 17.1400 0.0000 192.2950 204.8361 673.9234 0.4551  56023.2504 0.0000 0.0000 0.0000 0.0000 56023.2504
2023 7 22 0 17.1400 75.6300 0.8000 0.6200 17.1400 0.0000 192.2565 204.7976 673.7896 0.4550  50958.7086 0.0000 0.0000 0.0000 0.0000 50958.7086
2023 7 23 0 19.2400 33.2000 0.8000 0.7600 19.2400 0.0000 185.8484 204.6926 730.2789 0.4393  24245.2592 0.0000 0.0000 0.0000 0.0000 24245.2592
2023 7 24 0 17.5900 69.9000 0.8000 0.6500 17.5900 0.0000 190.7709 204.5549 686.3629 0.4516  47976.7700 0.0000 0.0000 0.0000 0.0000 47976.7700
2023 7 25 0 22.0900 60.2500 0.8000 0.9500 22.0900 0.0000 174.8982 204.3422 774.8516 0.4060  46684.8118 0.0000 0.0000 0.0000 0.0000 46684.8118
2023 7 26 0 10.8400 69.5200 0.8000 0.2000 10.8400 0.0000 202.9110 204.2160 407.6025 0.4352  28336.5222 0.0000 0.0000 0.0000 0.0000 28336.5222
2023 7 27 0 18.0400 87.3400 0.8000 0.6800 18.0400 0.0000 189.0530 204.1388 697.7634 0.4477  60942.6516 0.0000 0.0000 0.0000 0.0000 60942.6516
2023 7 28 0 9.0400 86.7600 0.8000 0.0800 9.0400 0.0000 203.8686 204.0774 326.3413 0.4178  28313.3747 0.0000 0.0000 0.0000 0.0000 28313.3747
2023 7 29 0 12.3400 74.6100 0.8000 0.3000 12.3400 0.0000 201.1618 204.0980 480.1607 0.4504  35824.7892 0.0000 0.0000 0.0000 0.0000 35824.7892
2023 7 30 0 12.3400 39.5200 0.8000 0.3000 12.3400 0.0000 201.1200 204.0562 480.0590 0.4503  18971.9301 0.0000 0.0000 0.0000 0.0000 18971.9301
2023 7 31 0 13.9900 69.3300 0.8000 0.4100 13.9900 0.0000 198.4960 203.9803 552.8717 0.4574  38330.5990 0.0000 0.0000 0.0000 0.0000 38330.5990
2023 8 1 0 11.5900 73.8700 0.8000 0.2500 11.5900 0.0000 201.8107 203.8498 441.5258 0.4409  32615.5111 0.0000 0.0000 0.0000 0.0000 32615.5111
2023 8 2 0 13.6900 64.7500 0.8000 0.3900 13.6900 0.0000 198.6811 203.6433 538.8553 0.4556  34890.8775 0.0000 0.0000 0.0000 0.0000 34890.8775
2023 8 3 0 19.0900 43.5500 0.8000 0.7500 19.0900 0.0000 184.9428 203.2944 721.4024 0.4374  31417.0725 0.0000 0.0000 0.0000 0.0000 31417.0725
2023 8 4 0 18.3400 62.1300 0.8000 0.7000 18.3400 0.0000 186.8808 202.8670 701.3688 0.4426  43576.0453 0.0000 0.0000 0.0000 0.0000 43576.0453
2023 8 5 0 21.9400 76.9400 0.8000 0.9400 21.9400 0.0000 173.5653 202.3927 764.9762 0.4036  58857.2727 0.0000 0.0000 0.0000 0.0000 58857.2727
2023 8 6 0 21.4900 57.5500 0.8000 0.9100 21.4900 0.0000 174.8492 201.8660 757.5385 0.4080  43596.3381 0.0000 0.0000 0.0000 0.0000 43596.3381
2023 8 7 0 22.6900 16.8300 0.8000 0.9900 22.6900 0.0000 169.3501 201.3259 767.5854 0.3915  12918.4623 0.0000 0.0000 0.0000 0.0000 12918.4623
2023 8 8 0 12.7900 0.0400 0.8000 0.3300 12.7900 0.0000 197.3964 200.9492 491.8695 0.4451  19.6748 0.0000 0.0000 0.0000 0.0000 19.6748
2023 8 9 0 12.0400 14.7000 0.8000 0.2800 12.0400 0.0000 198.2054 200.7632 456.6850 0.4390  6713.2697 0.0000 0.0000 0.0000 0.0000 6713.2697
2023 8 10 0 10.9900 51.2900 0.8000 0.2100 10.9900 0.0000 199.1574 200.5961 406.6728 0.4283  20858.2506 0.0000 0.0000 0.0000 0.0000 20858.2506
2023 8 11 0 9.1900 72.3800 0.8000 0.0900 9.1900 0.0000 200.2017 200.4660 326.0814 0.4107  23601.7737 0.0000 0.0000 0.0000 0.0000 23601.7737
2023 8 12 0 20.2900 69.7000 0.8000 0.8300 20.2900 0.0000 177.7012 200.1765 733.5428 0.4184  51127.9289 0.0000 0.0000 0.0000 0.0000 51127.9289
2023 8 13 0 15.4900 63.1900 0.8000 0.5100 15.4900 0.0000 191.2939 199.7797 601.5623 0.4495  38012.7184 0.0000 0.0000 0.0000 0.0000 38012.7184
2023 8 14 0 16.8400 85.9500 0.8000 0.6000 16.8400 0.0000 187.6933 199.4383 646.2327 0.4442  55543.6964 0.0000 0.0000 0.0000 0.0000 55543.6964
2023 8 15 0 19.5400 82.7300 0.8000 0.7800 19.5400 0.0000 179.2226 199.0716 715.2542 0.4237  59172.9851 0.0000 0.0000 0.0000 0.0000 59172.9851
2023 8 16 0 21.3400 93.5300 0.8000 0.9000 21.3400 0.0000 172.2642 198.6904 742.4666 0.4027  69442.9048 0.0000 0.0000 0.0000 0.0000 69442.9048
2023 8 17 0 21.1900 92.9900 0.8000 0.8900 21.1900 0.0000 172.4456 198.2878 738.9020 0.4036  68710.4962 0.0000 0.0000 0.0000 0.0000 68710.4962
2023 8 18 0 17.2900 84.3900 0.8000 0.6300 17.2900 0.0000 184.9792 197.9280 654.2601 0.4380  55213.0078 0.0000 0.0000 0.0000 0.0000 55213.0078
2023 8 19 0 9.3400 48.8800 0.8000 0.1000 9.3400 0.0000 197.4229 197.7492 327.8215 0.4062  16023.9129 0.0000 0.0000 0.0000 0.0000 16023.9129
2023 8 20 0 21.7900 75.6000 0.8000 0.9300 21.7900 0.0000 169.3221 197.5395 742.8748 0.3946  56161.3310 0.0000 0.0000 0.0000 0.0000 56161.3310
2023 8 21 0 18.4900 88.4800 0.8000 0.7100 18.4900 0.0000 180.7574 197.2037 684.1097 0.4282  60530.0243 0.0000 0.0000 0.0000 0.0000 60530.0243
2023 8 22 0 12.1900 92.0800 0.8000 0.2900 12.1900 0.0000 194.2455 196.9892 455.2697 0.4323  41921.2391 0.0000 0.0000 0.0000 0.0000 41921.2391
2023 8 23 0 9.6400 99.5400 0.8000 0.1200 9.6400 0.0000 196.4266 196.8964 336.9749 0.4046  33542.4867 0.0000 0.0000 0.0000 0.0000 33542.4867
2023 8 24 0 14.4400 99.6900 0.8000 0.4400 14.4400 0.0000 190.4342 196.7504 550.6659 0.4414  54895.8859 0.0000 0.0000 0.0000 0.0000 54895.8859
2023 8 25 0 19.2400 93.1800 0.8000 0.7600 19.2400 0.0000 177.6098 196.4540 698.5922 0.4202  65094.8251 0.0000 0.0000 0.0000 0.0000 65094.8251
2023 8 26 0 14.7400 87.9600 0.8000 0.4600 14.7400 0.0000 189.2962 196.1997 561.0977 0.4406  49354.1522 0.0000 0.0000 0.0000 0.0000 49354.1522
2023 8 27 0 15.1900 89.4800 0.8000 0.4900 15.1900 0.0000 188.2170 196.0502 578.6586 0.4409  51778.3743 0.0000 0.0000 0.0000 0.0000 51778.3743
2023 8 28 0 15.3400 91.8000 0.8000 0.5000 15.3400 0.0000 187.7192 195.8755 584.1040 0.4407  53620.7502 0.0000 0.0000 0.0000 0.0000 53620.7502
2023 8 29 0 8.4400 95.0600 0.8000 0.0400 8.4400 0.0000 195.7237 195.7759 296.5970 0.4067  28194.5128 0.0000 0.0000 0.0000 0.0000 28194.5128
2023 8 30 0 17.8900 99.5900 0.8000 0.6700 17.8900 0.0000 180.9659 195.6112 662.7181 0.4288  66000.0977 0.0000 0.0000 0.0000 0.0000 66000.0977
2023 8 31 0 20.1400 97.2200 0.8000 0.8200 20.1400 0.0000 173.3049 195.2420 711.4082 0.4088  69163.1072 0.0000 0.0000 0.0000 0.0000 69163.1072
