Riversystem uTAHPS reservoir fractions [fr] 
YYYY MM DD HH HJELLE GRESSE TOPPSY KROKNESVATN 
2022 9 1 0 0.9651 0.9447 0.7936 0.6835 
2022 9 2 0 0.9374 0.9006 0.7902 0.6830 
2022 9 3 0 0.9133 0.8621 0.7873 0.6828 
2022 9 4 0 0.8857 0.8280 0.7865 0.6819 
2022 9 5 0 0.8855 0.8244 0.7881 0.6795 
2022 9 6 0 0.8899 0.8270 0.7892 0.6766 
2022 9 7 0 0.8638 0.7836 0.7843 0.6765 
2022 9 8 0 0.8372 0.7400 0.7806 0.6717 
2022 9 9 0 0.8102 0.6961 0.7770 0.6662 
2022 9 10 0 0.7833 0.6524 0.7733 0.6628 
2022 9 11 0 0.7573 0.6089 0.7698 0.6624 
2022 9 12 0 0.7334 0.5671 0.7670 0.6583 
2022 9 13 0 0.7209 0.5336 0.7682 0.6565 
2022 9 14 0 0.7032 0.4961 0.7675 0.6549 
2022 9 15 0 0.6833 0.4572 0.7660 0.6556 
2022 9 16 0 0.6615 0.4169 0.7640 0.6570 
2022 9 17 0 0.6496 0.3755 0.7637 0.6562 
2022 9 18 0 0.6171 0.3333 0.7589 0.6524 
2022 9 19 0 0.5914 0.2905 0.7562 0.6521 
2022 9 20 0 0.5651 0.2473 0.7530 0.6505 
2022 9 21 0 0.5384 0.2499 0.7497 0.6493 
2022 9 22 0 0.5115 0.2523 0.7464 0.6435 
2022 9 23 0 0.4846 0.2548 0.7431 0.6418 
2022 9 24 0 0.4578 0.2574 0.7399 0.6367 
2022 9 25 0 0.4471 0.2673 0.7380 0.6300 
2022 9 26 0 0.4491 0.2846 0.7388 0.6267 
2022 9 27 0 0.4592 0.3076 0.7423 0.6215 
2022 9 28 0 0.4842 0.3433 0.7526 0.6240 
2022 9 29 0 0.4907 0.3676 0.7584 0.6226 
2022 9 30 0 0.4880 0.3858 0.7617 0.6183 
2022 10 1 0 0.5102 0.4217 0.7734 0.6221 
2022 10 2 0 0.5428 0.4619 0.7853 0.6221 
2022 10 3 0 0.5677 0.4955 0.7937 0.6205 
2022 10 4 0 0.5913 0.5267 0.8002 0.6219 
2022 10 5 0 0.6710 0.5834 0.8114 0.6227 
2022 10 6 0 0.8022 0.6652 0.8287 0.6211 
2022 10 7 0 0.8369 0.7037 0.8384 0.6199 
2022 10 8 0 0.8616 0.7384 0.8479 0.6173 
2022 10 9 0 0.8746 0.7659 0.8546 0.6134 
2022 10 10 0 0.8816 0.7898 0.8599 0.6124 
2022 10 11 0 0.8867 0.8127 0.8649 0.6133 
2022 10 12 0 0.8868 0.8323 0.8685 0.6120 
2022 10 13 0 0.8835 0.8499 0.8715 0.6115 
2022 10 14 0 0.8765 0.8653 0.8736 0.6075 
2022 10 15 0 0.8823 0.8904 0.8806 0.6081 
2022 10 16 0 0.8941 0.9201 0.8898 0.6080 
2022 10 17 0 0.9033 0.9481 0.8984 0.6085 
2022 10 18 0 0.9100 0.9745 0.9063 0.6064 
2022 10 19 0 0.9116 0.9973 0.9124 0.6081 
2022 10 20 0 0.9074 1.0105 0.9183 0.6071 
2022 10 21 0 0.8997 1.0148 0.9246 0.6039 
2022 10 22 0 0.8908 1.0157 0.9306 0.6038 
2022 10 23 0 0.9072 1.0185 0.9411 0.5992 
2022 10 24 0 0.9397 1.0198 0.9558 0.5942 
2022 10 25 0 0.9547 1.0193 0.9691 0.5929 
2022 10 26 0 1.0000 1.0191 1.0039 0.5904 
2022 10 27 0 1.0000 1.0199 1.0215 0.5923 
2022 10 28 0 1.0000 1.0192 1.0282 0.5883 
2022 10 29 0 1.0000 1.0196 1.0355 0.5875 
2022 10 30 0 1.0000 1.0194 1.0389 0.5898 
2022 10 31 0 1.0000 1.0178 1.0345 0.5908 
2022 11 1 0 1.0000 1.0176 1.0307 0.5921 
2022 11 2 0 1.0000 1.0195 1.0369 0.5946 
2022 11 3 0 1.0000 1.0185 1.0658 0.6011 
2022 11 4 0 1.0000 1.0186 1.0889 0.6108 
2022 11 5 0 1.0000 1.0196 1.0987 0.6195 
2022 11 6 0 1.0000 1.0201 1.0946 0.6237 
2022 11 7 0 1.0000 1.0196 1.1005 0.6312 
2022 11 8 0 1.0000 1.0201 1.0995 0.6403 
2022 11 9 0 1.0000 1.0196 1.1049 0.6524 
2022 11 10 0 1.0000 1.0201 1.0995 0.6604 
2022 11 11 0 1.0000 1.0198 1.0890 0.6637 
2022 11 12 0 1.0000 1.0192 1.0764 0.6705 
2022 11 13 0 1.0001 1.0185 1.0638 0.6753 
2022 11 14 0 1.0002 1.0181 1.0531 0.6763 
2022 11 15 0 1.0000 1.0189 1.0488 0.6769 
2022 11 16 0 1.0000 1.0200 1.0538 0.6812 
2022 11 17 0 1.0000 1.0182 1.0784 0.6867 
2022 11 18 0 1.0000 1.0197 1.0749 0.6863 
2022 11 19 0 1.0000 1.0183 1.0619 0.6894 
2022 11 20 0 1.0000 1.0181 1.0517 0.6882 
2022 11 21 0 0.9958 1.0167 1.0411 0.6871 
2022 11 22 0 0.9872 1.0157 1.0322 0.6846 
2022 11 23 0 0.9838 1.0161 1.0263 0.6847 
2022 11 24 0 0.9816 1.0166 1.0231 0.6861 
2022 11 25 0 0.9901 1.0186 1.0259 0.6855 
2022 11 26 0 1.0000 1.0200 1.0361 0.6890 
2022 11 27 0 1.0000 1.0201 1.0484 0.6893 
2022 11 28 0 1.0000 1.0196 1.0679 0.6939 
2022 11 29 0 1.0000 1.0200 1.0691 0.7010 
2022 11 30 0 1.0000 1.0189 1.0603 0.7060 
2022 12 1 0 0.9960 1.0176 1.0498 0.7086 
2022 12 2 0 0.9878 1.0166 1.0404 0.7092 
2022 12 3 0 0.9762 1.0157 1.0325 0.7060 
2022 12 4 0 0.9629 1.0150 1.0262 0.7045 
2022 12 5 0 0.9486 1.0145 1.0211 0.7036 
2022 12 6 0 0.9341 1.0143 1.0173 0.7030 
2022 12 7 0 0.9193 1.0141 1.0145 0.7010 
2022 12 8 0 0.9053 0.9790 1.0106 0.7010 
2022 12 9 0 0.8926 0.9447 1.0080 0.7021 
2022 12 10 0 0.8799 0.9104 1.0061 0.7023 
2022 12 11 0 0.8682 0.8769 1.0050 0.7032 
2022 12 12 0 0.8872 0.8435 0.9983 0.7025 
2022 12 13 0 0.9054 0.8095 0.9899 0.7012 
2022 12 14 0 0.9225 0.7749 0.9813 0.7025 
2022 12 15 0 0.9384 0.7393 0.9722 0.7033 
2022 12 16 0 0.9535 0.7031 0.9626 0.7041 
2022 12 17 0 0.9679 0.6664 0.9529 0.7032 
2022 12 18 0 0.9828 0.6299 0.9433 0.7039 
2022 12 19 0 0.9989 0.5940 0.9336 0.7042 
2022 12 20 0 1.0000 0.5599 0.9291 0.7036 
2022 12 21 0 1.0000 0.5324 0.9306 0.7038 
2022 12 22 0 1.0000 0.5052 0.9331 0.7031 
2022 12 23 0 1.0000 0.4735 0.9322 0.7008 
2022 12 24 0 1.0000 0.4380 0.9281 0.6978 
2022 12 25 0 1.0000 0.4008 0.9223 0.6977 
2022 12 26 0 1.0000 0.3713 0.9224 0.6986 
2022 12 27 0 1.0000 0.3854 0.9213 0.6928 
2022 12 28 0 1.0000 0.3958 0.9173 0.6919 
2022 12 29 0 1.0000 0.4060 0.9126 0.6911 
2022 12 30 0 1.0000 0.4154 0.9073 0.6885 
2022 12 31 0 1.0000 0.4281 0.9047 0.6883 
2023 1 1 0 1.0000 0.4383 0.9003 0.6857 
2023 1 2 0 1.0000 0.4472 0.8947 0.6803 
2023 1 3 0 1.0000 0.4552 0.8882 0.6759 
2023 1 4 0 1.0000 0.4627 0.8812 0.6720 
2023 1 5 0 1.0000 0.4721 0.8756 0.6653 
2023 1 6 0 1.0000 0.4804 0.8694 0.6613 
2023 1 7 0 1.0000 0.4889 0.8633 0.6568 
2023 1 8 0 1.0000 0.5082 0.8662 0.6581 
2023 1 9 0 1.0000 0.5371 0.8776 0.6558 
2023 1 10 0 1.0000 0.5582 0.8833 0.6543 
2023 1 11 0 1.0000 0.5754 0.8853 0.6506 
2023 1 12 0 1.0000 0.5903 0.8850 0.6499 
2023 1 13 0 1.0000 0.6028 0.8828 0.6486 
2023 1 14 0 1.0000 0.6136 0.8789 0.6439 
2023 1 15 0 1.0000 0.6238 0.8744 0.6400 
2023 1 16 0 1.0000 0.6336 0.8696 0.6381 
2023 1 17 0 1.0000 0.6429 0.8643 0.6358 
2023 1 18 0 1.0000 0.6523 0.8591 0.6324 
2023 1 19 0 1.0000 0.6604 0.8529 0.6303 
2023 1 20 0 1.0000 0.6683 0.8463 0.6246 
2023 1 21 0 1.0000 0.6757 0.8393 0.6238 
2023 1 22 0 1.0000 0.6829 0.8321 0.6231 
2023 1 23 0 1.0000 0.6911 0.8256 0.6194 
2023 1 24 0 1.0000 0.6985 0.8186 0.6160 
2023 1 25 0 1.0000 0.6601 0.8117 0.6159 
2023 1 26 0 1.0000 0.6227 0.8057 0.6176 
2023 1 27 0 1.0000 0.6063 0.8057 0.6163 
2023 1 28 0 1.0000 0.6138 0.8124 0.6156 
2023 1 29 0 1.0000 0.6209 0.8187 0.6137 
2023 1 30 0 1.0000 0.6289 0.8256 0.6114 
2023 1 31 0 1.0000 0.6364 0.8323 0.6119 
2023 2 1 0 1.0000 0.6434 0.8385 0.6117 
2023 2 2 0 1.0000 0.6516 0.8457 0.6080 
2023 2 3 0 1.0000 0.6587 0.8520 0.6052 
2023 2 4 0 1.0000 0.6647 0.8573 0.6005 
2023 2 5 0 1.0000 0.6702 0.8623 0.5995 
2023 2 6 0 1.0000 0.6754 0.8669 0.5951 
2023 2 7 0 1.0000 0.6803 0.8712 0.5903 
2023 2 8 0 1.0000 0.6850 0.8753 0.5848 
2023 2 9 0 1.0000 0.6903 0.8800 0.5806 
2023 2 10 0 1.0000 0.6961 0.8851 0.5773 
2023 2 11 0 1.0000 0.7022 0.8905 0.5776 
2023 2 12 0 1.0000 0.7087 0.8962 0.5773 
2023 2 13 0 1.0000 0.7152 0.9020 0.5756 
2023 2 14 0 1.0000 0.7216 0.9077 0.5728 
2023 2 15 0 1.0000 0.7271 0.9126 0.5728 
2023 2 16 0 1.0000 0.7321 0.9171 0.5674 
2023 2 17 0 1.0000 0.7380 0.9223 0.5658 
2023 2 18 0 1.0000 0.7444 0.9280 0.5620 
2023 2 19 0 1.0000 0.7512 0.9340 0.5612 
2023 2 20 0 1.0000 0.7585 0.9404 0.5569 
2023 2 21 0 1.0000 0.7662 0.9473 0.5542 
2023 2 22 0 1.0000 0.7730 0.9534 0.5523 
2023 2 23 0 1.0000 0.7801 0.9596 0.5478 
2023 2 24 0 1.0000 0.7872 0.9658 0.5453 
2023 2 25 0 1.0000 0.7956 0.9731 0.5435 
2023 2 26 0 1.0000 0.8067 0.9825 0.5419 
2023 2 27 0 1.0000 0.8192 0.9931 0.5424 
2023 2 28 0 1.0000 0.8298 1.0018 0.5429 
2023 3 1 0 1.0000 0.8393 1.0073 0.5427 
2023 3 2 0 1.0000 0.8479 1.0106 0.5395 
2023 3 3 0 1.0000 0.8557 1.0124 0.5352 
2023 3 4 0 0.9922 0.8631 1.0149 0.5322 
2023 3 5 0 0.9669 0.8708 1.0202 0.5299 
2023 3 6 0 0.9389 0.8768 1.0241 0.5261 
2023 3 7 0 0.9089 0.8814 1.0265 0.5277 
2023 3 8 0 0.8786 0.8861 1.0283 0.5255 
2023 3 9 0 0.8475 0.8902 1.0294 0.5260 
2023 3 10 0 0.8156 0.8940 1.0301 0.5219 
2023 3 11 0 0.7833 0.8974 1.0305 0.5208 
2023 3 12 0 0.7516 0.9011 1.0308 0.5229 
2023 3 13 0 0.7197 0.9049 1.0311 0.5242 
2023 3 14 0 0.6876 0.9086 1.0313 0.5222 
2023 3 15 0 0.6552 0.9120 1.0314 0.5192 
2023 3 16 0 0.6223 0.9153 1.0314 0.5156 
2023 3 17 0 0.5899 0.9188 1.0316 0.5160 
2023 3 18 0 0.5586 0.9232 1.0319 0.5171 
2023 3 19 0 0.5269 0.9274 1.0321 0.5158 
2023 3 20 0 0.4958 0.9321 1.0325 0.5128 
2023 3 21 0 0.4647 0.9368 1.0328 0.5132 
2023 3 22 0 0.4338 0.9416 1.0330 0.5108 
2023 3 23 0 0.4038 0.9471 1.0334 0.5133 
2023 3 24 0 0.3757 0.9541 1.0342 0.5152 
2023 3 25 0 0.3499 0.9626 1.0353 0.5123 
2023 3 26 0 0.3252 0.9716 1.0361 0.5121 
2023 3 27 0 0.3011 0.9810 1.0368 0.5119 
2023 3 28 0 0.2779 0.9905 1.0371 0.5092 
2023 3 29 0 0.2530 0.9983 1.0366 0.5090 
2023 3 30 0 0.2275 1.0045 1.0364 0.5117 
2023 3 31 0 0.2269 1.0115 1.0362 0.5143 
2023 4 1 0 0.2980 1.0192 1.0380 0.5133 
2023 4 2 0 0.3635 1.0198 1.0392 0.5123 
2023 4 3 0 0.4064 1.0185 1.0368 0.5098 
2023 4 4 0 0.4336 1.0165 1.0323 0.5092 
2023 4 5 0 0.4556 1.0153 1.0282 0.5094 
2023 4 6 0 0.4752 1.0144 1.0245 0.5095 
2023 4 7 0 0.4913 1.0135 1.0213 0.5072 
2023 4 8 0 0.5055 1.0128 1.0187 0.5054 
2023 4 9 0 0.5183 1.0123 1.0167 0.5046 
2023 4 10 0 0.5313 1.0122 1.0153 0.5045 
2023 4 11 0 0.5620 1.0162 1.0208 0.5075 
2023 4 12 0 0.5610 0.9905 1.0174 0.5069 
2023 4 13 0 0.5601 0.9647 1.0156 0.5056 
2023 4 14 0 0.5632 0.9422 1.0156 0.5047 
2023 4 15 0 0.5649 0.9187 1.0153 0.5094 
2023 4 16 0 0.5666 0.8952 1.0151 0.5136 
2023 4 17 0 0.5701 0.8731 1.0154 0.5137 
2023 4 18 0 0.5762 0.8526 1.0161 0.5188 
2023 4 19 0 0.5850 0.8338 1.0170 0.5233 
2023 4 20 0 0.5997 0.8183 1.0185 0.5248 
2023 4 21 0 0.6232 0.8075 1.0206 0.5263 
2023 4 22 0 0.6553 0.8018 1.0234 0.5302 
2023 4 23 0 0.6995 0.8057 1.0290 0.5393 
2023 4 24 0 0.7426 0.8097 1.0333 0.5464 
2023 4 25 0 0.7782 0.8090 1.0349 0.5500 
2023 4 26 0 0.8045 0.8018 1.0341 0.5567 
2023 4 27 0 0.8214 0.7879 1.0312 0.5598 
2023 4 28 0 0.8326 0.7699 1.0278 0.5604 
2023 4 29 0 0.8409 0.7496 1.0245 0.5634 
2023 4 30 0 0.8471 0.7278 1.0216 0.5642 
2023 5 1 0 0.8525 0.7052 1.0193 0.5631 
2023 5 2 0 0.8595 0.6834 1.0177 0.5630 
2023 5 3 0 0.8686 0.6628 1.0170 0.5654 
2023 5 4 0 0.8785 0.6428 1.0166 0.5648 
2023 5 5 0 0.8869 0.6214 1.0158 0.5663 
2023 5 6 0 0.8924 0.5982 1.0146 0.5691 
2023 5 7 0 0.8952 0.5741 1.0139 0.5727 
2023 5 8 0 0.9000 0.5520 1.0143 0.5765 
2023 5 9 0 0.9166 0.5384 1.0174 0.5793 
2023 5 10 0 0.9655 0.5474 1.0270 0.5875 
2023 5 11 0 1.0000 0.5981 1.0483 0.5976 
2023 5 12 0 1.0000 0.6739 1.0798 0.6120 
2023 5 13 0 1.0000 0.7553 1.1073 0.6272 
2023 5 14 0 1.0000 0.8357 1.1268 0.6383 
2023 5 15 0 1.0000 0.9276 1.1467 0.6553 
2023 5 16 0 1.0000 1.0174 1.1740 0.6738 
2023 5 17 0 1.0000 1.0124 1.1996 0.6934 
2023 5 18 0 1.0000 1.0184 1.2000 0.7131 
2023 5 19 0 1.0000 1.0188 1.1932 0.7261 
2023 5 20 0 1.0000 1.0189 1.1873 0.7393 
2023 5 21 0 1.0000 1.0192 1.1808 0.7539 
2023 5 22 0 1.0000 1.0194 1.1750 0.7689 
2023 5 23 0 1.0000 1.0170 1.1825 0.7837 
2023 5 24 0 1.0000 1.0173 1.1886 0.8004 
2023 5 25 0 1.0000 1.0183 1.1885 0.8139 
2023 5 26 0 1.0000 1.0182 1.1877 0.8307 
2023 5 27 0 1.0000 1.0192 1.1819 0.8476 
2023 5 28 0 1.0000 1.0200 1.1690 0.8582 
2023 5 29 0 1.0000 1.0200 1.1508 0.8712 
2023 5 30 0 1.0000 1.0196 1.1326 0.8809 
2023 5 31 0 1.0000 1.0191 1.1162 0.8911 
2023 6 1 0 1.0000 1.0185 1.1019 0.8948 
2023 6 2 0 1.0000 1.0177 1.0888 0.8989 
2023 6 3 0 1.0000 1.0169 1.0771 0.9048 
2023 6 4 0 1.0000 1.0162 1.0671 0.9069 
2023 6 5 0 1.0000 1.0155 1.0586 0.9103 
2023 6 6 0 1.0000 1.0147 1.0512 0.9130 
2023 6 7 0 1.0000 1.0140 1.0446 0.9140 
2023 6 8 0 1.0000 1.0131 1.0389 0.9147 
2023 6 9 0 1.0000 1.0123 1.0338 0.9121 
2023 6 10 0 1.0000 1.0115 1.0292 0.9095 
2023 6 11 0 1.0000 1.0107 1.0253 0.9090 
2023 6 12 0 1.0000 1.0100 1.0219 0.9096 
2023 6 13 0 1.0000 1.0094 1.0190 0.9109 
2023 6 14 0 1.0000 1.0088 1.0164 0.9074 
2023 6 15 0 1.0000 1.0083 1.0143 0.9066 
2023 6 16 0 1.0000 1.0079 1.0126 0.9019 
2023 6 17 0 1.0000 1.0075 1.0112 0.8971 
2023 6 18 0 1.0000 1.0072 1.0101 0.8951 
2023 6 19 0 1.0000 1.0070 1.0092 0.8903 
2023 6 20 0 1.0000 1.0070 1.0086 0.8901 
2023 6 21 0 1.0000 1.0075 1.0088 0.8873 
2023 6 22 0 1.0000 1.0108 1.0127 0.8875 
2023 6 23 0 1.0000 1.0113 1.0147 0.8879 
2023 6 24 0 1.0000 1.0106 1.0148 0.8867 
2023 6 25 0 1.0000 1.0096 1.0139 0.8815 
2023 6 26 0 1.0000 1.0089 1.0127 0.8820 
2023 6 27 0 1.0000 1.0083 1.0117 0.8792 
2023 6 28 0 1.0000 1.0080 1.0109 0.8786 
2023 6 29 0 1.0000 1.0078 1.0102 0.8749 
2023 6 30 0 1.0000 1.0078 1.0099 0.8756 
2023 7 1 0 1.0000 1.0076 1.0094 0.8743 
2023 7 2 0 1.0000 1.0076 1.0092 0.8732 
2023 7 3 0 1.0000 1.0076 1.0090 0.8682 
2023 7 4 0 1.0000 1.0079 1.0093 0.8641 
2023 7 5 0 1.0000 1.0081 1.0096 0.8619 
2023 7 6 0 1.0000 1.0086 1.0101 0.8629 
2023 7 7 0 1.0000 1.0093 1.0112 0.8593 
2023 7 8 0 1.0000 1.0110 1.0138 0.8591 
2023 7 9 0 1.0000 1.0120 1.0163 0.8556 
2023 7 10 0 1.0000 1.0120 1.0177 0.8512 
2023 7 11 0 1.0000 1.0120 1.0187 0.8483 
2023 7 12 0 1.0000 1.0128 1.0207 0.8483 
2023 7 13 0 1.0000 1.0125 1.0214 0.8465 
2023 7 14 0 1.0000 1.0119 1.0209 0.8462 
2023 7 15 0 1.0000 1.0122 1.0214 0.8441 
2023 7 16 0 1.0000 1.0153 1.0276 0.8460 
2023 7 17 0 1.0000 1.0179 1.0381 0.8489 
2023 7 18 0 1.0000 1.0178 1.0439 0.8489 
2023 7 19 0 0.9903 0.9870 1.0334 0.8525 
2023 7 20 0 0.9769 0.9534 1.0249 0.8557 
2023 7 21 0 0.9608 0.9180 1.0181 0.8555 
2023 7 22 0 0.9429 0.8813 1.0129 0.8547 
2023 7 23 0 0.9247 0.8443 1.0091 0.8527 
2023 7 24 0 0.9049 0.8063 1.0061 0.8510 
2023 7 25 0 0.8836 0.7671 1.0035 0.8471 
2023 7 26 0 0.8614 0.7273 1.0015 0.8477 
2023 7 27 0 0.8383 0.6868 0.9997 0.8450 
2023 7 28 0 0.8146 0.6457 0.9976 0.8461 
2023 7 29 0 0.7905 0.6043 0.9953 0.8456 
2023 7 30 0 0.7680 0.5633 0.9928 0.8450 
2023 7 31 0 0.7557 0.5268 0.9911 0.8435 
2023 8 1 0 0.7389 0.5341 0.9889 0.8415 
2023 8 2 0 0.7175 0.5392 0.9862 0.8381 
2023 8 3 0 0.6939 0.5433 0.9832 0.8322 
2023 8 4 0 0.6693 0.5469 0.9801 0.8267 
2023 8 5 0 0.6444 0.5503 0.9770 0.8196 
2023 8 6 0 0.6190 0.5534 0.9738 0.8127 
2023 8 7 0 0.5929 0.5562 0.9706 0.8053 
2023 8 8 0 0.5722 0.5626 0.9689 0.8027 
2023 8 9 0 0.5565 0.5711 0.9675 0.8004 
2023 8 10 0 0.5400 0.5789 0.9656 0.7983 
2023 8 11 0 0.5265 0.5879 0.9639 0.7969 
2023 8 12 0 0.5086 0.5947 0.9615 0.7906 
2023 8 13 0 0.4877 0.6001 0.9589 0.7864 
2023 8 14 0 0.4657 0.6049 0.9561 0.7815 
2023 8 15 0 0.4520 0.6157 0.9563 0.7766 
2023 8 16 0 0.4416 0.6291 0.9576 0.7714 
2023 8 17 0 0.4275 0.6401 0.9580 0.7659 
2023 8 18 0 0.4105 0.6492 0.9576 0.7619 
2023 8 19 0 0.3923 0.6576 0.9569 0.7612 
2023 8 20 0 0.3824 0.6723 0.9594 0.7563 
2023 8 21 0 0.3678 0.6837 0.9602 0.7523 
2023 8 22 0 0.3502 0.6929 0.9601 0.7506 
2023 8 23 0 0.3307 0.7007 0.9594 0.7498 
2023 8 24 0 0.3095 0.7074 0.9581 0.7467 
2023 8 25 0 0.2911 0.7160 0.9578 0.7420 
2023 8 26 0 0.2789 0.7294 0.9598 0.7400 
2023 8 27 0 0.2677 0.7435 0.9621 0.7380 
2023 8 28 0 0.2523 0.7545 0.9630 0.7354 
2023 8 29 0 0.2341 0.7635 0.9629 0.7353 
2023 8 30 0 0.2140 0.7711 0.9621 0.7310 
2023 8 31 0 0.1927 0.7779 0.9609 0.7255 
