POWERSTATION node 1 SVOLETJONN
init_Power = 0.00000
penstock_config = SHARED
headloss_coef = 0.300000
yyyy mm dd hh [m3/s]    [Euro/MWh]  [fr_g0] [m3/s] [m3/s] [m] [m] [MWh] [GWh/Mm3] [Euro] [Euro] [Euro] [Euro] [Euro] [Euro]
yyyy mm dd hh Up_Inflow Price Action_g0 tot_outflow auto_qmin Hnetto Hbrutto Power est_eekv income tot_cost startstopCost adjust_cost cost_aggressive_actions profit
2026 5 7 0 0.0000 24.8800 0.0000 0.0000 0.0000 64.0305 64.0305 0.0000 0.0000  0.0000 0.0000 0.0000 0.0000 0.0000 0.0000
2026 5 7 1 0.0000 25.8500 0.0000 0.0000 0.0000 64.0313 64.0313 0.0000 0.0000  0.0000 0.0000 0.0000 0.0000 0.0000 0.0000
2026 5 7 2 0.0000 28.0000 0.0000 0.0000 0.0000 64.0317 64.0317 0.0000 0.0000  0.0000 0.0000 0.0000 0.0000 0.0000 0.0000
2026 5 7 3 0.0000 23.0000 0.0000 0.0000 0.0000 64.0323 64.0323 0.0000 0.0000  0.0000 0.0000 0.0000 0.0000 0.0000 0.0000
2026 5 7 4 0.0000 35.0000 0.0000 0.0000 0.0000 64.0335 64.0335 0.0000 0.0000  0.0000 0.0000 0.0000 0.0000 0.0000 0.0000
2026 5 7 5 0.0000 39.0000 0.0000 0.0000 0.0000 64.0349 64.0349 0.0000 0.0000  0.0000 0.0000 0.0000 0.0000 0.0000 0.0000
2026 5 7 6 0.0000 45.0000 0.0000 0.0000 0.0000 64.0364 64.0364 0.0000 0.0000  0.0000 0.0000 0.0000 0.0000 0.0000 0.0000
2026 5 7 7 0.0000 26.5600 0.0000 0.0000 0.0000 64.0375 64.0375 0.0000 0.0000  0.0000 0.0000 0.0000 0.0000 0.0000 0.0000
2026 5 7 8 0.0000 52.9300 0.0000 0.0000 0.0000 64.0383 64.0383 0.0000 0.0000  0.0000 0.0000 0.0000 0.0000 0.0000 0.0000
2026 5 7 9 0.0000 10.9400 0.0000 0.0000 0.0000 64.0388 64.0388 0.0000 0.0000  0.0000 0.0000 0.0000 0.0000 0.0000 0.0000
2026 5 7 10 0.0000 10.0100 0.0000 0.0000 0.0000 64.0395 64.0395 0.0000 0.0000  0.0000 0.0000 0.0000 0.0000 0.0000 0.0000
2026 5 7 11 0.0000 17.9500 0.0000 0.0000 0.0000 64.0378 64.0378 0.0000 0.0000  0.0000 0.0000 0.0000 0.0000 0.0000 0.0000
2026 5 7 12 0.0000 82.5800 0.0000 0.0000 0.0000 64.0335 64.0335 0.0000 0.0000  0.0000 0.0000 0.0000 0.0000 0.0000 0.0000
2026 5 7 13 0.0000 25.5000 0.0000 0.0000 0.0000 64.0292 64.0292 0.0000 0.0000  0.0000 0.0000 0.0000 0.0000 0.0000 0.0000
2026 5 7 14 0.0000 55.8200 0.0000 0.0000 0.0000 64.0249 64.0249 0.0000 0.0000  0.0000 0.0000 0.0000 0.0000 0.0000 0.0000
2026 5 7 15 0.0000 29.3900 0.0000 0.0000 0.0000 64.0206 64.0206 0.0000 0.0000  0.0000 0.0000 0.0000 0.0000 0.0000 0.0000
2026 5 7 16 0.0000 46.9600 0.0000 0.0000 0.0000 64.0162 64.0162 0.0000 0.0000  0.0000 0.0000 0.0000 0.0000 0.0000 0.0000
2026 5 7 17 0.0000 17.5900 0.0000 0.0000 0.0000 64.0119 64.0119 0.0000 0.0000  0.0000 0.0000 0.0000 0.0000 0.0000 0.0000
2026 5 7 18 0.0000 88.3300 0.0000 0.0000 0.0000 64.0076 64.0076 0.0000 0.0000  0.0000 0.0000 0.0000 0.0000 0.0000 0.0000
2026 5 7 19 0.0000 80.8200 0.0000 0.0000 0.0000 64.0033 64.0033 0.0000 0.0000  0.0000 0.0000 0.0000 0.0000 0.0000 0.0000
2026 5 7 20 0.0000 88.8300 0.0000 0.0000 0.0000 64.0024 64.0024 0.0000 0.0000  0.0000 0.0000 0.0000 0.0000 0.0000 0.0000
2026 5 7 21 0.0000 78.9000 0.0000 0.0000 0.0000 64.0048 64.0048 0.0000 0.0000  0.0000 0.0000 0.0000 0.0000 0.0000 0.0000
2026 5 7 22 0.0000 59.9800 0.0000 0.0000 0.0000 64.0071 64.0071 0.0000 0.0000  0.0000 0.0000 0.0000 0.0000 0.0000 0.0000
2026 5 7 23 0.0000 50.7100 0.0000 0.0000 0.0000 64.0097 64.0097 0.0000 0.0000  0.0000 0.0000 0.0000 0.0000 0.0000 0.0000
2026 5 8 0 0.0000 99.0800 0.0000 0.0000 0.0000 64.0179 64.0179 0.0000 0.0000  0.0000 0.0000 0.0000 0.0000 0.0000 0.0000
2026 5 8 1 0.0000 59.4000 0.0000 0.0000 0.0000 64.0396 64.0396 0.0000 0.0000  0.0000 0.0000 0.0000 0.0000 0.0000 0.0000
2026 5 8 2 0.0000 16.8900 0.0000 0.0000 0.0000 64.0783 64.0783 0.0000 0.0000  0.0000 0.0000 0.0000 0.0000 0.0000 0.0000
2026 5 8 3 0.0000 18.5200 0.0000 0.0000 0.0000 64.1467 64.1467 0.0000 0.0000  0.0000 0.0000 0.0000 0.0000 0.0000 0.0000
2026 5 8 4 0.0000 27.1000 0.0000 0.0000 0.0000 64.2216 64.2216 0.0000 0.0000  0.0000 0.0000 0.0000 0.0000 0.0000 0.0000
2026 5 8 5 0.0000 18.9700 0.0000 0.0000 0.0000 64.2740 64.2740 0.0000 0.0000  0.0000 0.0000 0.0000 0.0000 0.0000 0.0000
2026 5 8 6 0.0000 16.0000 0.0000 0.0000 0.0000 64.3031 64.3031 0.0000 0.0000  0.0000 0.0000 0.0000 0.0000 0.0000 0.0000
2026 5 8 7 0.0000 13.0000 0.0000 0.0000 0.0000 64.3185 64.3185 0.0000 0.0000  0.0000 0.0000 0.0000 0.0000 0.0000 0.0000
2026 5 8 8 0.0000 11.0000 0.0000 0.0000 0.0000 64.3250 64.3250 0.0000 0.0000  0.0000 0.0000 0.0000 0.0000 0.0000 0.0000
2026 5 8 9 0.0000 12.0000 0.0000 0.0000 0.0000 64.3207 64.3207 0.0000 0.0000  0.0000 0.0000 0.0000 0.0000 0.0000 0.0000
2026 5 8 10 0.0000 13.0000 0.0000 0.0000 0.0000 64.3163 64.3163 0.0000 0.0000  0.0000 0.0000 0.0000 0.0000 0.0000 0.0000
2026 5 8 11 0.0000 16.0000 0.0000 0.0000 0.0000 64.3120 64.3120 0.0000 0.0000  0.0000 0.0000 0.0000 0.0000 0.0000 0.0000
2026 5 8 12 0.0000 12.0000 0.0000 0.0000 0.0000 64.3077 64.3077 0.0000 0.0000  0.0000 0.0000 0.0000 0.0000 0.0000 0.0000
2026 5 8 13 0.0000 13.0000 0.0000 0.0000 0.0000 64.3034 64.3034 0.0000 0.0000  0.0000 0.0000 0.0000 0.0000 0.0000 0.0000
2026 5 8 14 0.0000 12.0000 0.0000 0.0000 0.0000 64.2991 64.2991 0.0000 0.0000  0.0000 0.0000 0.0000 0.0000 0.0000 0.0000
2026 5 8 15 0.0000 11.0000 0.0000 0.0000 0.0000 64.2948 64.2948 0.0000 0.0000  0.0000 0.0000 0.0000 0.0000 0.0000 0.0000
2026 5 8 16 0.0000 8.0000 0.0000 0.0000 0.0000 64.2977 64.2977 0.0000 0.0000  0.0000 0.0000 0.0000 0.0000 0.0000 0.0000
2026 5 8 17 0.0000 15.0000 0.0000 0.0000 0.0000 64.3149 64.3149 0.0000 0.0000  0.0000 0.0000 0.0000 0.0000 0.0000 0.0000
2026 5 8 18 0.0000 12.0000 0.0000 0.0000 0.0000 64.3591 64.3591 0.0000 0.0000  0.0000 0.0000 0.0000 0.0000 0.0000 0.0000
2026 5 8 19 0.0000 15.0000 0.0000 0.0000 0.0000 64.3943 64.3943 0.0000 0.0000  0.0000 0.0000 0.0000 0.0000 0.0000 0.0000
2026 5 8 20 0.0000 13.0000 0.0000 0.0000 0.0000 64.3953 64.3953 0.0000 0.0000  0.0000 0.0000 0.0000 0.0000 0.0000 0.0000
2026 5 8 21 0.0000 14.0000 0.0000 0.0000 0.0000 64.3910 64.3910 0.0000 0.0000  0.0000 0.0000 0.0000 0.0000 0.0000 0.0000
2026 5 8 22 0.0000 17.0000 0.0000 0.0000 0.0000 64.3867 64.3867 0.0000 0.0000  0.0000 0.0000 0.0000 0.0000 0.0000 0.0000
2026 5 8 23 0.0000 16.0000 0.0000 0.0000 0.0000 64.3824 64.3824 0.0000 0.0000  0.0000 0.0000 0.0000 0.0000 0.0000 0.0000
