RESERVOIR node 0 HJELLE
reservoir_init_fr= 0.67000  masl=754.380
Filling at HRW [Mm3] = 12.03297
Filling at LRW [Mm3] = 3.00824
Active reservoir capacity [Mm3] = 9.02473
outlet_auto_qmin_masl [masl] = 745.500
yyyy mm dd hh [m3/s] [Euro/MWh] [fr] [m3/s] [Mm3] [masl] [fr] [Euro]         [m3/s]     [m3/s]    [m3/s]   [m3/s]    [m3/s] 
yyyy mm dd hh Inflow Price Action Up_Inflow Res_Mm3 Res_masl Res_fr lrw_cost tunnelflow hatchflow overflow auto_qmin tot_outflow
2026 5 7 0 1.5000 24.8800 0.0000 0.0000 9.0559 754.0311 0.6701 0.0000 0.0000 0.0000 0.0000 1.2000 1.2000 
2026 5 7 1 1.3500 25.8500 0.0000 0.0000 9.0564 754.0316 0.6702 0.0000 0.0000 0.0000 0.0000 1.2000 1.2000 
2026 5 7 2 1.2400 28.0000 0.0000 0.0000 9.0566 754.0318 0.6702 0.0000 0.0000 0.0000 0.0000 1.2000 1.2000 
2026 5 7 3 1.5000 23.0000 0.0000 0.0000 9.0577 754.0328 0.6703 0.0000 0.0000 0.0000 0.0000 1.2000 1.2000 
2026 5 7 4 1.5500 35.0000 0.0000 0.0000 9.0589 754.0341 0.6705 0.0000 0.0000 0.0000 0.0000 1.2000 1.2000 
2026 5 7 5 1.6300 39.0000 0.0000 0.0000 9.0605 754.0356 0.6706 0.0000 0.0000 0.0000 0.0000 1.2000 1.2000 
2026 5 7 6 1.6000 45.0000 0.0000 0.0000 9.0619 754.0371 0.6708 0.0000 0.0000 0.0000 0.0000 1.2000 1.2000 
2026 5 7 7 1.4600 26.5600 0.0000 0.0000 9.0628 754.0380 0.6709 0.0000 0.0000 0.0000 0.0000 1.2000 1.2000 
2026 5 7 8 1.3500 52.9300 0.0000 0.0000 9.0634 754.0385 0.6709 0.0000 0.0000 0.0000 0.0000 1.2000 1.2000 
2026 5 7 9 1.3400 10.9400 0.0000 0.0000 9.0639 754.0390 0.6710 0.0000 0.0000 0.0000 0.0000 1.2000 1.2000 
2026 5 7 10 1.4500 10.0100 0.0000 0.0000 9.0648 754.0399 0.6711 0.0000 0.0000 0.0000 0.0000 1.2000 1.2000 
2026 5 7 11 0.0000 17.9500 0.0000 0.0000 9.0605 754.0356 0.6706 0.0000 0.0000 0.0000 0.0000 1.2000 1.2000 
2026 5 7 12 0.0000 82.5800 0.0000 0.0000 9.0561 754.0313 0.6701 0.0000 0.0000 0.0000 0.0000 1.2000 1.2000 
2026 5 7 13 0.0000 25.5000 0.0000 0.0000 9.0518 754.0270 0.6697 0.0000 0.0000 0.0000 0.0000 1.2000 1.2000 
2026 5 7 14 0.0000 55.8200 0.0000 0.0000 9.0475 754.0227 0.6692 0.0000 0.0000 0.0000 0.0000 1.2000 1.2000 
2026 5 7 15 0.0000 29.3900 0.0000 0.0000 9.0432 754.0184 0.6687 0.0000 0.0000 0.0000 0.0000 1.2000 1.2000 
2026 5 7 16 0.0000 46.9600 0.0000 0.0000 9.0389 754.0141 0.6682 0.0000 0.0000 0.0000 0.0000 1.2000 1.2000 
2026 5 7 17 0.0000 17.5900 0.0000 0.0000 9.0345 754.0098 0.6678 0.0000 0.0000 0.0000 0.0000 1.2000 1.2000 
2026 5 7 18 0.0000 88.3300 0.0000 0.0000 9.0302 754.0055 0.6673 0.0000 0.0000 0.0000 0.0000 1.2000 1.2000 
2026 5 7 19 0.0000 80.8200 0.0000 0.0000 9.0259 754.0012 0.6668 0.0000 0.0000 0.0000 0.0000 1.2000 1.2000 
2026 5 7 20 1.9100 88.8300 0.0000 0.0000 9.0285 754.0037 0.6671 0.0000 0.0000 0.0000 0.0000 1.2000 1.2000 
2026 5 7 21 1.7900 78.9000 0.0000 0.0000 9.0306 754.0058 0.6673 0.0000 0.0000 0.0000 0.0000 1.2000 1.2000 
2026 5 7 22 1.8800 59.9800 0.0000 0.0000 9.0330 754.0083 0.6676 0.0000 0.0000 0.0000 0.0000 1.2000 1.2000 
2026 5 7 23 2.0100 50.7100 0.0000 0.0000 9.0359 754.0112 0.6679 0.0000 0.0000 0.0000 0.0000 1.2000 1.2000 
2026 5 8 0 4.9400 99.0800 0.0000 0.0000 9.0494 754.0246 0.6694 0.0000 0.0000 0.0000 0.0000 1.2000 1.2000 
2026 5 8 1 9.5600 59.4000 0.0000 0.0000 9.0795 754.0546 0.6727 0.0000 0.0000 0.0000 0.0000 1.2000 1.2000 
2026 5 8 2 14.4000 16.8900 0.0000 0.0000 9.1270 754.1020 0.6780 0.0000 0.0000 0.0000 0.0000 1.2000 1.2000 
2026 5 8 3 26.1100 18.5200 0.0000 0.0000 9.2167 754.1914 0.6879 0.0000 0.0000 0.0000 0.0000 1.2000 1.2000 
2026 5 8 4 18.0100 27.1000 0.0000 0.0000 9.2772 754.2518 0.6946 0.0000 0.0000 0.0000 0.0000 1.2000 1.2000 
2026 5 8 5 13.5800 18.9700 0.0000 0.0000 9.3218 754.2962 0.6996 0.0000 0.0000 0.0000 0.0000 1.2000 1.2000 
2026 5 8 6 5.0000 16.0000 0.0000 0.0000 9.3355 754.3099 0.7011 0.0000 0.0000 0.0000 0.0000 1.2000 1.2000 
2026 5 8 7 6.0000 13.0000 0.0000 0.0000 9.3527 754.3271 0.7030 0.0000 0.0000 0.0000 0.0000 1.2000 1.2000 
2026 5 8 8 0.0000 11.0000 0.0000 0.0000 9.3484 754.3228 0.7025 0.0000 0.0000 0.0000 0.0000 1.2000 1.2000 
2026 5 8 9 0.0000 12.0000 0.0000 0.0000 9.3441 754.3185 0.7021 0.0000 0.0000 0.0000 0.0000 1.2000 1.2000 
2026 5 8 10 0.0000 13.0000 0.0000 0.0000 9.3398 754.3142 0.7016 0.0000 0.0000 0.0000 0.0000 1.2000 1.2000 
2026 5 8 11 0.0000 16.0000 0.0000 0.0000 9.3355 754.3099 0.7011 0.0000 0.0000 0.0000 0.0000 1.2000 1.2000 
2026 5 8 12 0.0000 12.0000 0.0000 0.0000 9.3311 754.3056 0.7006 0.0000 0.0000 0.0000 0.0000 1.2000 1.2000 
2026 5 8 13 0.0000 13.0000 0.0000 0.0000 9.3268 754.3013 0.7001 0.0000 0.0000 0.0000 0.0000 1.2000 1.2000 
2026 5 8 14 0.0000 12.0000 0.0000 0.0000 9.3225 754.2970 0.6997 0.0000 0.0000 0.0000 0.0000 1.2000 1.2000 
2026 5 8 15 0.0000 11.0000 0.0000 0.0000 9.3182 754.2927 0.6992 0.0000 0.0000 0.0000 0.0000 1.2000 1.2000 
2026 5 8 16 4.0000 8.0000 0.0000 0.0000 9.3283 754.3027 0.7003 0.0000 0.0000 0.0000 0.0000 1.2000 1.2000 
2026 5 8 17 8.0000 15.0000 0.0000 0.0000 9.3527 754.3271 0.7030 0.0000 0.0000 0.0000 0.0000 1.2000 1.2000 
2026 5 8 18 19.0000 12.0000 0.0000 0.0000 9.4168 754.3910 0.7101 0.0000 0.0000 0.0000 0.0000 1.2000 1.2000 
2026 5 8 19 3.0000 15.0000 0.0000 0.0000 9.4233 754.3975 0.7108 0.0000 0.0000 0.0000 0.0000 1.2000 1.2000 
2026 5 8 20 0.0000 13.0000 0.0000 0.0000 9.4190 754.3932 0.7104 0.0000 0.0000 0.0000 0.0000 1.2000 1.2000 
2026 5 8 21 0.0000 14.0000 0.0000 0.0000 9.4147 754.3889 0.7099 0.0000 0.0000 0.0000 0.0000 1.2000 1.2000 
2026 5 8 22 0.0000 17.0000 0.0000 0.0000 9.4103 754.3846 0.7094 0.0000 0.0000 0.0000 0.0000 1.2000 1.2000 
2026 5 8 23 0.0000 16.0000 0.0000 0.0000 9.4060 754.3803 0.7089 0.0000 0.0000 0.0000 0.0000 1.2000 1.2000 
