RESERVOIR node 5 TOPPSY
reservoir_init_fr= 0.90000  masl=650.133
Filling at HRW [Mm3] = 395.17000
Filling at LRW [Mm3] = 268.53000
Active reservoir capacity [Mm3] = 126.64000
yyyy mm dd hh [m3/s] [Euro/MWh] [fr] [m3/s] [Mm3] [masl] [fr] [Euro]         [m3/s]     [m3/s]    [m3/s]   [m3/s]    [m3/s] 
yyyy mm dd hh Inflow Price Action Up_Inflow Res_Mm3 Res_masl Res_fr lrw_cost tunnelflow hatchflow overflow auto_qmin tot_outflow
2022 9 1 0 0.2900 564.8800 0.0000 2.8315 382.7757 647.0699 0.9021 0.0000 0.0000 0.0000 0.0000 0.0000 0.0000 
2022 9 2 0 0.2600 425.8500 0.0000 3.1746 383.0724 647.1401 0.9045 0.0000 0.0000 0.0000 0.0000 0.0000 0.0000 
2022 9 3 0 0.2400 383.9200 0.0000 3.1995 383.3696 647.2103 0.9068 0.0000 0.0000 0.0000 0.0000 0.0000 0.0000 
2022 9 4 0 0.3000 310.1000 0.0000 3.2000 383.3509 647.2059 0.9067 0.0000 3.7170 0.0000 0.0000 0.0000 3.7170 
2022 9 5 0 0.3000 388.8400 0.0000 3.2000 383.2455 647.1810 0.9058 0.0000 4.7200 0.0000 0.0000 0.0000 4.7200 
2022 9 6 0 0.3100 414.3500 0.0000 3.2000 383.1409 647.1562 0.9050 0.0000 4.7200 0.0000 0.0000 0.0000 4.7200 
2022 9 7 0 0.3000 451.5300 0.0000 3.2000 383.0355 647.1313 0.9042 0.0000 4.7200 0.0000 0.0000 0.0000 4.7200 
2022 9 8 0 0.2800 426.5600 0.0000 3.2000 382.9284 647.1060 0.9033 0.0000 4.7200 0.0000 0.0000 0.0000 4.7200 
2022 9 9 0 0.2600 352.9300 0.0000 3.2000 382.8195 647.0803 0.9025 0.0000 4.7200 0.0000 0.0000 0.0000 4.7200 
2022 9 10 0 0.2500 410.9400 0.0000 3.2000 382.7098 647.0543 0.9016 0.0000 4.7200 0.0000 0.0000 0.0000 4.7200 
2022 9 11 0 0.2700 400.0100 0.0000 3.2000 382.6018 647.0288 0.9008 0.0000 4.7200 0.0000 0.0000 0.0000 4.7200 
2022 9 12 0 0.5500 407.9500 0.0000 3.2000 382.5180 647.0090 0.9001 0.0000 4.7200 0.0000 0.0000 0.0000 4.7200 
2022 9 13 0 1.9500 382.5800 0.0000 3.2000 382.5551 647.0178 0.9004 0.0000 4.7200 0.0000 0.0000 0.0000 4.7200 
2022 9 14 0 1.2600 425.5000 0.0000 3.2000 382.5327 647.0124 0.9002 0.0000 4.7200 0.0000 0.0000 0.0000 4.7200 
2022 9 15 0 1.0100 355.8200 0.0000 3.2000 382.4886 647.0020 0.8999 0.0000 4.7200 0.0000 0.0000 0.0000 4.7200 
2022 9 16 0 0.8200 329.3900 0.0000 3.2000 382.4281 646.9877 0.8994 0.0000 4.7200 0.0000 0.0000 0.0000 4.7200 
2022 9 17 0 0.6700 246.9600 0.0000 3.2000 382.3547 646.9704 0.8988 0.0000 4.7200 0.0000 0.0000 0.0000 4.7200 
2022 9 18 0 0.5400 117.5900 0.0000 3.2000 382.2700 646.9504 0.8981 0.0000 4.7200 0.0000 0.0000 0.0000 4.7200 
2022 9 19 0 0.4500 288.3300 0.0000 3.2000 382.1776 646.9285 0.8974 0.0000 4.7200 0.0000 0.0000 0.0000 4.7200 
2022 9 20 0 0.4100 380.8200 0.0000 3.2000 382.0817 646.9058 0.8966 0.0000 4.7200 0.0000 0.0000 0.0000 4.7200 
2022 9 21 0 0.3800 388.8300 0.0000 3.2000 381.9832 646.8825 0.8959 0.0000 4.7200 0.0000 0.0000 0.0000 4.7200 
2022 9 22 0 0.3500 378.9000 0.0000 3.2000 381.8821 646.8586 0.8951 0.0000 4.7200 0.0000 0.0000 0.0000 4.7200 
2022 9 23 0 0.3700 359.9800 0.0000 3.2000 381.7827 646.8352 0.8943 0.0000 4.7200 0.0000 0.0000 0.0000 4.7200 
2022 9 24 0 0.4000 350.7100 0.0000 3.2000 381.6859 646.8123 0.8935 0.0000 4.7200 0.0000 0.0000 0.0000 4.7200 
2022 9 25 0 0.8900 299.0800 0.0000 3.2000 381.6315 646.7994 0.8931 0.0000 4.7200 0.0000 0.0000 0.0000 4.7200 
2022 9 26 0 1.7700 259.4000 0.0000 3.2000 381.6531 646.8045 0.8933 0.0000 4.7200 0.0000 0.0000 0.0000 4.7200 
2022 9 27 0 2.7400 306.8900 0.0000 3.2000 381.7585 646.8294 0.8941 0.0000 4.7200 0.0000 0.0000 0.0000 4.7200 
2022 9 28 0 5.1200 308.5200 0.0000 3.2000 382.0696 646.9030 0.8966 0.0000 4.7200 0.0000 0.0000 0.0000 4.7200 
2022 9 29 0 3.5400 347.1000 0.0000 3.2000 382.2441 646.9442 0.8979 0.0000 4.7200 0.0000 0.0000 0.0000 4.7200 
2022 9 30 0 2.6700 278.9700 0.0000 3.2000 382.3434 646.9677 0.8987 0.0000 4.7200 0.0000 0.0000 0.0000 4.7200 
2022 10 1 0 5.5800 90.2400 0.0000 3.2000 382.6942 647.0506 0.9015 0.0000 4.7200 0.0000 0.0000 0.0000 4.7200 
2022 10 2 0 5.6600 182.7200 0.0000 3.2000 383.0519 647.1352 0.9043 0.0000 4.7200 0.0000 0.0000 0.0000 4.7200 
2022 10 3 0 4.4400 234.6000 0.0000 3.2000 383.3042 647.1948 0.9063 0.0000 4.7200 0.0000 0.0000 0.0000 4.7200 
2022 10 4 0 3.8000 199.0100 0.0000 3.2000 383.5012 647.2414 0.9079 0.0000 4.7200 0.0000 0.0000 0.0000 4.7200 
2022 10 5 0 5.4300 51.1100 0.0000 3.2000 383.8390 647.3213 0.9105 0.0000 4.7200 0.0000 0.0000 0.0000 4.7200 
2022 10 6 0 7.5400 23.8700 0.0000 3.2000 384.3592 647.4442 0.9146 0.0000 4.7200 0.0000 0.0000 0.0000 4.7200 
2022 10 7 0 4.8800 30.2900 0.0000 3.2000 384.6495 647.5129 0.9169 0.0000 4.7200 0.0000 0.0000 0.0000 4.7200 
2022 10 8 0 4.8500 53.3800 0.0000 3.2000 384.9372 647.5809 0.9192 0.0000 4.7200 0.0000 0.0000 0.0000 4.7200 
2022 10 9 0 3.8300 91.9400 0.0000 3.2000 385.1368 647.6281 0.9208 0.0000 4.7200 0.0000 0.0000 0.0000 4.7200 
2022 10 10 0 3.3700 137.7100 0.0000 3.2000 385.2966 647.6659 0.9220 0.0000 4.7200 0.0000 0.0000 0.0000 4.7200 
2022 10 11 0 3.2800 174.3200 0.0000 3.2000 385.4487 647.7018 0.9232 0.0000 4.7200 0.0000 0.0000 0.0000 4.7200 
2022 10 12 0 2.7700 199.9900 0.0000 3.2000 385.5567 647.7273 0.9241 0.0000 4.7200 0.0000 0.0000 0.0000 4.7200 
2022 10 13 0 2.5500 233.6000 0.0000 3.2000 385.6457 647.7484 0.9248 0.0000 4.7200 0.0000 0.0000 0.0000 4.7200 
2022 10 14 0 2.2600 217.2400 0.0000 3.2000 385.7096 647.7635 0.9253 0.0000 4.7200 0.0000 0.0000 0.0000 4.7200 
2022 10 15 0 3.9400 154.6600 0.0000 3.2000 385.9187 647.8129 0.9269 0.0000 4.7200 0.0000 0.0000 0.0000 4.7200 
2022 10 16 0 4.7500 113.2100 0.0000 3.2000 386.1977 647.8789 0.9292 0.0000 4.7200 0.0000 0.0000 0.0000 4.7200 
2022 10 17 0 4.5000 146.2200 0.0000 3.2000 386.4552 647.9398 0.9312 0.0000 4.7200 0.0000 0.0000 0.0000 4.7200 
2022 10 18 0 4.2600 163.8200 0.0000 3.2000 386.6920 647.9957 0.9331 0.0000 4.7200 0.0000 0.0000 0.0000 4.7200 
2022 10 19 0 3.6700 159.7000 0.0000 3.2000 386.8777 648.0396 0.9345 0.0000 4.7200 0.0000 0.0000 0.0000 4.7200 
2022 10 20 0 3.0000 142.1100 0.0000 3.2000 387.0056 648.0699 0.9355 0.0000 4.7200 0.0000 0.0000 0.0000 4.7200 
2022 10 21 0 2.5200 157.4800 0.0000 3.2000 387.0920 648.0903 0.9362 0.0000 4.7200 0.0000 0.0000 0.0000 4.7200 
2022 10 22 0 2.2200 142.0700 0.0000 3.2000 387.1525 648.1046 0.9367 0.0000 4.7200 0.0000 0.0000 0.0000 4.7200 
2022 10 23 0 2.8100 99.6700 0.0000 3.2000 387.2639 648.1310 0.9376 0.0000 4.7200 0.0000 0.0000 0.0000 4.7200 
2022 10 24 0 3.3600 85.2000 0.0000 3.2000 387.4229 648.1685 0.9388 0.0000 4.7200 0.0000 0.0000 0.0000 4.7200 
2022 10 25 0 3.3100 110.5100 0.0000 3.2000 387.5776 648.2051 0.9400 0.0000 4.7200 0.0000 0.0000 0.0000 4.7200 
2022 10 26 0 5.1600 121.4900 0.0000 3.2000 387.8921 648.2794 0.9425 0.0000 4.7200 0.0000 0.0000 0.0000 4.7200 
2022 10 27 0 3.5900 117.6600 0.0000 3.2000 388.0709 648.3217 0.9439 0.0000 4.7200 0.0000 0.0000 0.0000 4.7200 
2022 10 28 0 2.9100 103.2200 0.0000 3.2000 388.1910 648.3501 0.9449 0.0000 4.7200 0.0000 0.0000 0.0000 4.7200 
2022 10 29 0 3.2900 101.6200 0.0000 3.2000 388.3439 648.3863 0.9461 0.0000 4.7200 0.0000 0.0000 0.0000 4.7200 
2022 10 30 0 2.9400 117.9300 0.0000 3.2000 388.4666 648.4153 0.9471 0.0000 4.7200 0.0000 0.0000 0.0000 4.7200 
2022 10 31 0 2.2000 144.1300 0.0000 3.2000 388.5254 648.4292 0.9475 0.0000 4.7200 0.0000 0.0000 0.0000 4.7200 
2022 11 1 0 2.3300 72.4900 0.0000 3.2000 388.5953 648.4457 0.9481 0.0000 4.7200 0.0000 0.0000 0.0000 4.7200 
2022 11 2 0 3.9600 71.1700 0.0000 3.2000 388.8062 648.4955 0.9497 0.0000 4.7200 0.0000 0.0000 0.0000 4.7200 
2022 11 3 0 7.7600 86.5000 0.0000 3.2000 389.3453 648.6230 0.9540 0.0000 4.7200 0.0000 0.0000 0.0000 4.7200 
2022 11 4 0 8.8200 72.6700 0.0000 3.2000 389.9760 648.7721 0.9590 0.0000 4.7200 0.0000 0.0000 0.0000 4.7200 
2022 11 5 0 8.0900 47.6500 0.0000 3.2000 390.5437 648.9063 0.9635 0.0000 4.7200 0.0000 0.0000 0.0000 4.7200 
2022 11 6 0 6.0700 35.7500 0.0000 3.4125 390.9551 649.0036 0.9667 0.0000 4.7200 0.0000 0.0000 0.0000 4.7200 
2022 11 7 0 8.1700 43.8300 0.0000 4.0553 391.6036 649.1569 0.9718 0.0000 4.7200 0.0000 0.0000 0.0000 4.7200 
2022 11 8 0 7.0600 51.0900 0.0000 4.5092 392.1954 649.2968 0.9765 0.0000 4.7200 0.0000 0.0000 0.0000 4.7200 
2022 11 9 0 8.4200 42.5700 0.0000 5.0174 392.9486 649.4748 0.9825 0.0000 4.7200 0.0000 0.0000 0.0000 4.7200 
2022 11 10 0 6.4700 27.4000 0.0000 5.2120 393.5501 649.6170 0.9872 0.0000 4.7200 0.0000 0.0000 0.0000 4.7200 
2022 11 11 0 5.2000 2.0000 0.0000 5.1655 394.0379 649.7324 0.9911 0.0000 4.7200 0.0000 0.0000 0.0000 4.7200 
2022 11 12 0 4.2000 2.3700 0.0000 4.9703 394.4224 649.8233 0.9941 0.0000 4.7200 0.0000 0.0000 0.0000 4.7200 
2022 11 13 0 3.4700 29.9300 0.0000 4.7035 394.7207 649.8938 0.9965 0.0000 4.7200 0.0000 0.0000 0.0000 4.7200 
2022 11 14 0 3.0100 53.6800 0.0000 4.4554 394.9579 649.9499 0.9983 0.0000 4.7200 0.0000 0.0000 0.0000 4.7200 
2022 11 15 0 3.1400 53.7500 0.0000 4.4365 395.2024 650.0077 1.0003 0.0000 4.7200 0.0000 0.0274 0.0000 4.7474 
2022 11 16 0 3.9700 27.6900 0.0000 4.7875 395.5253 650.0840 1.0028 0.0000 4.7200 0.0000 0.3004 0.0000 5.0204 
2022 11 17 0 5.5800 48.9100 0.0000 6.0484 396.0844 650.1260 1.0072 0.0000 4.7200 0.0000 0.4374 0.0000 5.1574 
2022 11 18 0 3.3000 113.7000 0.0000 6.2802 396.4513 650.1766 1.0101 0.0000 4.7200 0.0000 0.6130 0.0000 5.3330 
2022 11 19 0 2.3200 167.1000 0.0000 5.9279 396.6932 650.2099 1.0120 0.0000 4.7200 0.0000 0.7286 0.0000 5.4486 
2022 11 20 0 2.2300 162.8400 0.0000 5.5971 396.8905 650.2371 1.0136 0.0000 4.7200 0.0000 0.8231 0.0000 5.5431 
2022 11 21 0 1.7300 209.5500 0.0000 5.1411 397.0007 650.2523 1.0145 0.0000 4.7200 0.0000 0.8758 0.0000 5.5958 
2022 11 22 0 1.5000 174.4300 0.0000 4.6646 397.0479 650.2588 1.0148 0.0000 4.7200 0.0000 0.8983 0.0000 5.6183 
2022 11 23 0 1.6500 149.8400 0.0000 4.3368 397.0785 650.2630 1.0151 0.0000 4.7200 0.0000 0.9130 0.0000 5.6330 
2022 11 24 0 2.0000 172.1800 0.0000 4.0965 397.1169 650.2683 1.0154 0.0000 4.7200 0.0000 0.9314 0.0000 5.6514 
2022 11 25 0 3.7200 200.3300 0.0000 4.0647 397.2939 650.2927 1.0168 0.0000 4.7200 0.0000 1.0160 0.0000 5.7360 
2022 11 26 0 5.1600 196.0200 0.0000 4.3279 397.6052 650.3356 1.0192 0.0000 4.7200 0.0000 1.1650 0.0000 5.8850 
2022 11 27 0 5.4000 146.0400 0.0000 4.6996 397.9549 650.3838 1.0220 0.0000 4.7200 0.0000 1.3322 0.0000 6.0522 
2022 11 28 0 8.0300 195.3000 0.0000 5.2061 398.5510 650.4660 1.0267 0.0000 4.7200 0.0000 1.6174 0.0000 6.3374 
2022 11 29 0 5.4600 362.5600 0.0000 5.2893 398.9170 650.5164 1.0296 0.0000 4.7200 0.0000 1.7925 0.0000 6.5125 
2022 11 30 0 3.6200 364.6000 0.0000 5.0505 399.0961 650.5411 1.0310 0.0000 4.7200 0.0000 1.8782 0.0000 6.5982 
2022 12 1 0 2.7200 349.6500 0.0000 4.6837 399.1629 650.5503 1.0315 0.0000 4.7200 0.0000 1.9101 0.0000 6.6301 
2022 12 2 0 2.2400 324.9900 0.0000 4.2935 399.1549 650.5492 1.0315 0.0000 4.7200 0.0000 1.9063 0.0000 6.6263 
2022 12 3 0 1.9100 268.8200 0.0000 3.9045 399.0875 650.5399 1.0309 0.0000 4.7200 0.0000 1.8741 0.0000 6.5941 
2022 12 4 0 1.7000 271.5000 0.0000 3.5492 398.9760 650.5245 1.0301 0.0000 4.7200 0.0000 1.8207 0.0000 6.5407 
2022 12 5 0 1.5400 290.7800 0.0000 3.2490 398.8306 650.5045 1.0289 0.0000 4.7200 0.0000 1.7512 0.0000 6.4712 
2022 12 6 0 1.5300 346.8000 0.0000 3.2027 398.6864 650.4846 1.0278 0.0000 4.7200 0.0000 1.6822 0.0000 6.4022 
2022 12 7 0 1.4900 334.1100 0.0000 3.2000 398.5443 650.4650 1.0266 0.0000 4.7200 0.0000 1.6142 0.0000 6.3342 
2022 12 8 0 1.6000 399.0300 0.0000 3.2000 398.4170 650.4475 1.0256 0.0000 4.7200 0.0000 1.5533 0.0000 6.2733 
2022 12 9 0 1.7300 418.6900 0.0000 3.2000 398.3056 650.4321 1.0248 0.0000 4.7200 0.0000 1.5000 0.0000 6.2200 
2022 12 10 0 1.7200 362.9800 0.0000 3.2000 398.1977 650.4173 1.0239 0.0000 4.7200 0.0000 1.4484 0.0000 6.1684 
2022 12 11 0 1.8500 338.6100 0.0000 3.2000 398.1049 650.4045 1.0232 0.0000 4.7200 0.0000 1.4040 0.0000 6.1240 
2022 12 12 0 1.8700 446.1100 0.0000 3.2000 398.0175 650.3924 1.0225 0.0000 4.7200 0.0000 1.3622 0.0000 6.0822 
2022 12 13 0 1.7800 458.6300 0.0000 3.2000 397.9260 650.3798 1.0218 0.0000 4.7200 0.0000 1.3184 0.0000 6.0384 
2022 12 14 0 1.7000 451.4100 0.0000 3.2000 397.8316 650.3668 1.0210 0.0000 4.7200 0.0000 1.2732 0.0000 5.9932 
2022 12 15 0 1.5500 396.6100 0.0000 3.2000 397.7284 650.3526 1.0202 0.0000 4.7200 0.0000 1.2239 0.0000 5.9439 
2022 12 16 0 1.4000 413.8400 0.0000 3.2000 397.6169 650.3372 1.0193 0.0000 4.7200 0.0000 1.1705 0.0000 5.8905 
2022 12 17 0 1.3500 254.6500 0.0000 3.2000 397.5057 650.3219 1.0184 0.0000 4.7200 0.0000 1.1173 0.0000 5.8373 
2022 12 18 0 1.3600 206.4000 0.0000 3.2000 397.3997 650.3073 1.0176 0.0000 4.7200 0.0000 1.0666 0.0000 5.7866 
2022 12 19 0 1.3600 211.4800 0.0000 3.2000 397.2979 650.2933 1.0168 0.0000 4.7200 0.0000 1.0180 0.0000 5.7380 
2022 12 20 0 1.4500 205.2500 0.0000 3.2000 397.2077 650.2808 1.0161 0.0000 4.7200 0.0000 0.9748 0.0000 5.6948 
2022 12 21 0 1.7600 223.3000 0.0000 3.2000 397.1467 650.2724 1.0156 0.0000 4.7200 0.0000 0.9456 0.0000 5.6656 
2022 12 22 0 1.7500 201.9700 0.0000 3.2000 397.0873 650.2642 1.0151 0.0000 4.7200 0.0000 0.9172 0.0000 5.6372 
2022 12 23 0 1.4000 193.2900 0.0000 3.2000 397.0013 650.2524 1.0145 0.0000 4.7200 0.0000 0.8760 0.0000 5.5960 
2022 12 24 0 1.0900 142.3700 0.0000 3.2000 396.8929 650.2374 1.0136 0.0000 4.7200 0.0000 0.8242 0.0000 5.5442 
2022 12 25 0 0.9800 129.4400 0.0000 3.2000 396.7797 650.2218 1.0127 0.0000 4.7200 0.0000 0.7701 0.0000 5.4901 
2022 12 26 0 1.8300 111.7200 0.0000 3.2000 396.7415 650.2166 1.0124 0.0000 4.7200 0.0000 0.7518 0.0000 5.4718 
2022 12 27 0 1.7500 141.3500 0.0000 3.2000 396.6983 650.2106 1.0121 0.0000 4.7200 0.0000 0.7311 0.0000 5.4511 
2022 12 28 0 1.3800 122.1300 0.0000 3.2000 396.6260 650.2007 1.0115 0.0000 4.7200 0.0000 0.6965 0.0000 5.4165 
2022 12 29 0 1.2800 96.2800 0.0000 3.2000 396.5483 650.1899 1.0109 0.0000 4.7200 0.0000 0.6593 0.0000 5.3793 
2022 12 30 0 1.2000 100.4100 0.0000 3.2000 396.4670 650.1788 1.0102 0.0000 4.7200 0.0000 0.6205 0.0000 5.3405 
2022 12 31 0 1.8000 116.2200 0.0000 3.2000 396.4388 650.1749 1.0100 0.0000 4.7200 0.0000 0.6070 0.0000 5.3270 
2023 1 1 0 1.4300 112.5700 0.0000 3.2000 396.3809 650.1669 1.0096 0.0000 4.7200 0.0000 0.5793 0.0000 5.2993 
2023 1 2 0 1.2200 149.2600 0.0000 3.2000 396.3080 650.1568 1.0090 0.0000 4.7200 0.0000 0.5444 0.0000 5.2644 
2023 1 3 0 1.0900 154.5400 0.0000 3.2000 396.2271 650.1457 1.0083 0.0000 4.7200 0.0000 0.5057 0.0000 5.2257 
2023 1 4 0 1.0200 114.6400 0.0000 3.2000 396.1437 650.1342 1.0077 0.0000 4.7200 0.0000 0.4658 0.0000 5.1858 
2023 1 5 0 1.1400 144.1600 0.0000 3.2000 396.0735 650.1245 1.0071 0.0000 4.7200 0.0000 0.4322 0.0000 5.1522 
2023 1 6 0 1.0400 126.0400 0.0000 3.2000 395.9978 650.1957 1.0065 0.0000 4.7200 0.0000 0.3960 0.0000 5.1160 
2023 1 7 0 1.1100 102.5400 0.0000 0.5043 395.6914 650.1233 1.0041 0.0000 4.7200 0.0000 0.4409 0.0000 5.1609 
2023 1 8 0 3.0300 75.8000 0.0000 0.0285 395.5221 650.0832 1.0028 0.0000 4.7200 0.0000 0.2978 0.0000 5.0178 
2023 1 9 0 4.6800 133.2800 0.0000 0.0005 395.4950 650.0768 1.0026 0.0000 4.7200 0.0000 0.2748 0.0000 4.9948 
2023 1 10 0 3.3700 130.4400 0.0000 0.0000 395.3642 650.0459 1.0015 0.0000 4.7200 0.0000 0.1642 0.0000 4.8842 
2023 1 11 0 2.7300 96.6800 0.0000 0.0000 395.1907 650.0049 1.0002 0.0000 4.7200 0.0000 0.0175 0.0000 4.7375 
2023 1 12 0 2.3300 89.9500 0.0000 0.0000 394.9842 649.9561 0.9985 0.0000 4.7200 0.0000 0.0000 0.0000 4.7200 
2023 1 13 0 1.9700 82.8000 0.0000 0.0000 394.7466 649.8999 0.9967 0.0000 4.7200 0.0000 0.0000 0.0000 4.7200 
2023 1 14 0 1.6800 94.7100 0.0000 0.0000 394.4840 649.8378 0.9946 0.0000 4.7200 0.0000 0.0000 0.0000 4.7200 
2023 1 15 0 1.5900 70.7800 0.0000 0.0000 394.2135 649.7739 0.9924 0.0000 4.7200 0.0000 0.0000 0.0000 4.7200 
2023 1 16 0 1.5500 139.7600 0.0000 0.0000 393.9396 649.7091 0.9903 0.0000 4.7200 0.0000 0.0000 0.0000 4.7200 
2023 1 17 0 1.4600 134.1900 0.0000 0.0000 393.6580 649.6425 0.9881 0.0000 4.7200 0.0000 0.0000 0.0000 4.7200 
2023 1 18 0 1.4800 138.3800 0.0000 0.0000 393.3780 649.5764 0.9858 0.0000 4.7200 0.0000 0.0000 0.0000 4.7200 
2023 1 19 0 1.2700 148.5600 0.0000 0.0000 393.0800 649.5059 0.9835 0.0000 4.7200 0.0000 0.0000 0.0000 4.7200 
2023 1 20 0 1.2000 162.5000 0.0000 0.0000 392.7758 649.4340 0.9811 0.0000 4.7200 0.0000 0.0000 0.0000 4.7200 
2023 1 21 0 1.1300 150.1900 0.0000 0.0000 392.4656 649.3607 0.9786 0.0000 4.7200 0.0000 0.0000 0.0000 4.7200 
2023 1 22 0 1.0900 151.8000 0.0000 0.0000 392.1520 649.2865 0.9762 0.0000 4.7200 0.0000 0.0000 0.0000 4.7200 
2023 1 23 0 1.1800 197.7300 0.0000 0.0000 391.8462 649.2142 0.9738 0.0000 4.7200 0.0000 0.0000 0.0000 4.7200 
2023 1 24 0 1.0800 184.5400 0.0000 0.0000 391.5317 649.1399 0.9713 0.0000 4.7200 0.0000 0.0000 0.0000 4.7200 
2023 1 25 0 1.1300 137.5700 0.0000 0.0000 391.2215 649.0665 0.9688 0.0000 4.7200 0.0000 0.0000 0.0000 4.7200 
2023 1 26 0 1.3300 132.3800 0.0000 0.0000 390.9286 648.9973 0.9665 0.0000 4.7200 0.0000 0.0000 0.0000 4.7200 
2023 1 27 0 1.2600 154.0500 0.0000 0.0000 390.8183 648.9712 0.9656 0.0000 2.5370 0.0000 0.0000 0.0000 2.5370 
2023 1 28 0 1.1600 116.8100 0.0000 0.0000 390.9185 648.9949 0.9664 0.0000 0.0000 0.0000 0.0000 0.0000 0.0000 
2023 1 29 0 1.0800 102.3700 0.0000 0.0000 391.0118 649.0170 0.9672 0.0000 0.0000 0.0000 0.0000 0.0000 0.0000 
2023 1 30 0 1.2100 90.0000 0.0000 0.1210 391.1268 649.0442 0.9681 0.0000 0.0000 0.0000 0.0000 0.0000 0.0000 
2023 1 31 0 1.1400 105.1200 0.0000 0.2933 391.2506 649.0734 0.9691 0.0000 0.0000 0.0000 0.0000 0.0000 0.0000 
2023 2 1 0 1.0500 103.8300 0.0000 0.4343 391.3789 649.1038 0.9701 0.0000 0.0000 0.0000 0.0000 0.0000 0.0000 
2023 2 2 0 1.2600 145.2800 0.0000 0.5727 391.5372 649.1412 0.9713 0.0000 0.0000 0.0000 0.0000 0.0000 0.0000 
2023 2 3 0 1.0900 113.1000 0.0000 0.6665 391.6890 649.1771 0.9725 0.0000 0.0000 0.0000 0.0000 0.0000 0.0000 
2023 2 4 0 0.9100 138.8200 0.0000 0.7152 391.8294 649.2103 0.9736 0.0000 0.0000 0.0000 0.0000 0.0000 0.0000 
2023 2 5 0 0.8600 122.8300 0.0000 0.7421 391.9678 649.2430 0.9747 0.0000 0.0000 0.0000 0.0000 0.0000 0.0000 
2023 2 6 0 0.8000 161.3800 0.0000 0.7538 392.1021 649.2747 0.9758 0.0000 0.0000 0.0000 0.0000 0.0000 0.0000 
2023 2 7 0 0.7500 132.4500 0.0000 0.7532 392.2319 649.3054 0.9768 0.0000 0.0000 0.0000 0.0000 0.0000 0.0000 
2023 2 8 0 0.7200 120.3300 0.0000 0.7466 392.3587 649.3354 0.9778 0.0000 0.0000 0.0000 0.0000 0.0000 0.0000 
2023 2 9 0 0.8400 98.3400 0.0000 0.7549 392.4965 649.3680 0.9789 0.0000 0.0000 0.0000 0.0000 0.0000 0.0000 
2023 2 10 0 0.9000 97.5400 0.0000 0.7716 392.6409 649.4021 0.9800 0.0000 0.0000 0.0000 0.0000 0.0000 0.0000 
2023 2 11 0 0.9700 94.6300 0.0000 0.7955 392.7934 649.4382 0.9812 0.0000 0.0000 0.0000 0.0000 0.0000 0.0000 
2023 2 12 0 1.0400 111.6200 0.0000 0.8242 392.9545 649.4762 0.9825 0.0000 0.0000 0.0000 0.0000 0.0000 0.0000 
2023 2 13 0 1.0400 115.7800 0.0000 0.8493 393.1177 649.5148 0.9838 0.0000 0.0000 0.0000 0.0000 0.0000 0.0000 
2023 2 14 0 1.0300 140.8300 0.0000 0.8687 393.2818 649.5536 0.9851 0.0000 0.0000 0.0000 0.0000 0.0000 0.0000 
2023 2 15 0 0.8600 122.5300 0.0000 0.8641 393.4307 649.5888 0.9863 0.0000 0.0000 0.0000 0.0000 0.0000 0.0000 
2023 2 16 0 0.7900 120.9800 0.0000 0.8480 393.5723 649.6223 0.9874 0.0000 0.0000 0.0000 0.0000 0.0000 0.0000 
2023 2 17 0 0.9400 92.1200 0.0000 0.8518 393.7271 649.6589 0.9886 0.0000 0.0000 0.0000 0.0000 0.0000 0.0000 
2023 2 18 0 1.0200 97.8800 0.0000 0.8698 393.8904 649.6975 0.9899 0.0000 0.0000 0.0000 0.0000 0.0000 0.0000 
2023 2 19 0 1.0800 107.6300 0.0000 0.8958 394.0611 649.7378 0.9912 0.0000 0.0000 0.0000 0.0000 0.0000 0.0000 
2023 2 20 0 1.1600 77.5600 0.0000 0.9290 394.2416 649.7805 0.9927 0.0000 0.0000 0.0000 0.0000 0.0000 0.0000 
2023 2 21 0 1.2400 106.7100 0.0000 0.9672 394.4323 649.8256 0.9942 0.0000 0.0000 0.0000 0.0000 0.0000 0.0000 
2023 2 22 0 1.0700 118.3800 0.0000 0.9815 394.6095 649.8675 0.9956 0.0000 0.0000 0.0000 0.0000 0.0000 0.0000 
2023 2 23 0 1.0800 116.1600 0.0000 1.0003 394.7892 649.9100 0.9970 0.0000 0.0000 0.0000 0.0000 0.0000 0.0000 
2023 2 24 0 1.0100 103.8000 0.0000 1.0261 394.9652 649.9516 0.9984 0.0000 0.0000 0.0000 0.0000 0.0000 0.0000 
2023 2 25 0 1.1500 97.6000 0.0000 1.0870 395.1584 649.9973 0.9999 0.0000 0.0000 0.0000 0.0000 0.0000 0.0000 
2023 2 26 0 1.3500 111.9200 0.0000 1.2315 395.3671 650.0466 1.0016 0.0000 0.0000 0.0000 0.1667 0.0000 0.1667 
2023 2 27 0 1.3800 124.5700 0.0000 1.4192 395.5791 650.0967 1.0032 0.0000 0.0000 0.0000 0.3459 0.0000 0.3459 
2023 2 28 0 1.2100 124.0900 0.0000 1.5294 395.7718 650.1423 1.0048 0.0000 0.0000 0.0000 0.5089 0.0000 0.5089 
2023 3 1 0 1.1400 130.8400 0.0000 1.5734 395.9730 650.1898 1.0063 0.0000 0.0000 0.0000 0.3841 0.0000 0.3841 
2023 3 2 0 1.0600 120.4000 0.0000 1.5750 396.1598 650.1364 1.0078 0.0000 0.0000 0.0000 0.4735 0.0000 0.4735 
2023 3 3 0 0.9400 115.5800 0.0000 1.5506 396.3271 650.1595 1.0091 0.0000 0.0000 0.0000 0.5535 0.0000 0.5535 
2023 3 4 0 0.9200 112.2200 0.0000 3.0230 396.6083 650.1982 1.0114 0.0000 0.0000 0.0000 0.6881 0.0000 0.6881 
2023 3 5 0 0.9900 129.9600 0.0000 4.2818 396.9887 650.2506 1.0144 0.0000 0.0000 0.0000 0.8700 0.0000 0.8700 
2023 3 6 0 0.7500 153.1300 0.0000 4.0654 397.3160 650.2958 1.0169 0.0000 0.0000 0.0000 1.0266 0.0000 1.0266 
2023 3 7 0 0.5500 116.0800 0.0000 4.0041 397.6087 650.3361 1.0193 0.0000 0.0000 0.0000 1.1666 0.0000 1.1666 
2023 3 8 0 0.5800 150.8300 0.0000 4.0001 397.8919 650.3751 1.0215 0.0000 0.0000 0.0000 1.3021 0.0000 1.3021 
2023 3 9 0 0.5000 138.5100 0.0000 4.0000 398.1572 650.4117 1.0236 0.0000 0.0000 0.0000 1.4290 0.0000 1.4290 
2023 3 10 0 0.4600 127.3700 0.0000 4.0000 398.4087 650.4464 1.0256 0.0000 0.0000 0.0000 1.5493 0.0000 1.5493 
2023 3 11 0 0.4300 110.5300 0.0000 4.0000 398.6477 650.4793 1.0275 0.0000 0.0000 0.0000 1.6637 0.0000 1.6637 
2023 3 12 0 0.4400 106.8200 0.0000 4.0000 398.8781 650.5110 1.0293 0.0000 0.0000 0.0000 1.7739 0.0000 1.7739 
2023 3 13 0 0.4500 94.6800 0.0000 4.0000 399.1001 650.5416 1.0310 0.0000 0.0000 0.0000 1.8801 0.0000 1.8801 
2023 3 14 0 0.4700 102.8300 0.0000 4.0000 399.3150 650.5713 1.0327 0.0000 0.0000 0.0000 1.9829 0.0000 1.9829 
2023 3 15 0 0.4400 121.6400 0.0000 4.0000 399.5189 650.5994 1.0343 0.0000 0.0000 0.0000 2.0804 0.0000 2.0804 
2023 3 16 0 0.4100 112.8100 0.0000 4.0000 399.7122 650.6260 1.0359 0.0000 0.0000 0.0000 2.1729 0.0000 2.1729 
2023 3 17 0 0.4800 104.1500 0.0000 4.0000 399.9036 650.6524 1.0374 0.0000 0.0000 0.0000 2.2644 0.0000 2.2644 
2023 3 18 0 0.5700 109.0000 0.0000 4.0000 400.0949 650.6787 1.0389 0.0000 0.0000 0.0000 2.3560 0.0000 2.3560 
2023 3 19 0 0.6100 110.0900 0.0000 4.0000 400.2819 650.7045 1.0404 0.0000 0.0000 0.0000 2.4454 0.0000 2.4454 
2023 3 20 0 0.6800 116.7600 0.0000 4.0000 400.4673 650.7301 1.0418 0.0000 0.0000 0.0000 2.5341 0.0000 2.5341 
2023 3 21 0 0.7000 111.3100 0.0000 4.0000 400.6470 650.7548 1.0432 0.0000 0.0000 0.0000 2.6201 0.0000 2.6201 
2023 3 22 0 0.7100 92.3600 0.0000 4.0000 400.8204 650.7787 1.0446 0.0000 0.0000 0.0000 2.7030 0.0000 2.7030 
2023 3 23 0 0.8200 86.1100 0.0000 4.0000 400.9961 650.8029 1.0460 0.0000 0.0000 0.0000 2.7871 0.0000 2.7871 
2023 3 24 0 1.0700 83.8300 0.0000 4.0000 401.1855 650.8290 1.0475 0.0000 0.0000 0.0000 2.8777 0.0000 2.8777 
2023 3 25 0 1.3200 73.3600 0.0000 4.0000 401.3881 650.8570 1.0491 0.0000 0.0000 0.0000 2.9746 0.0000 2.9746 
2023 3 26 0 1.3500 92.4600 0.0000 4.0000 401.5852 650.8841 1.0507 0.0000 0.0000 0.0000 3.0689 0.0000 3.0689 
2023 3 27 0 1.4000 100.9400 0.0000 4.0000 401.7786 650.9108 1.0522 0.0000 0.0000 0.0000 3.1614 0.0000 3.1614 
2023 3 28 0 1.3100 123.8500 0.0000 4.0000 401.9569 650.9353 1.0536 0.0000 0.0000 0.0000 3.2467 0.0000 3.2467 
2023 3 29 0 0.9900 127.0200 0.0000 4.0000 402.1015 650.9553 1.0547 0.0000 0.0000 0.0000 3.3159 0.0000 3.3159 
2023 3 30 0 0.9100 103.7800 0.0000 4.0000 402.2338 650.9735 1.0558 0.0000 0.0000 0.0000 3.3792 0.0000 3.3792 
2023 3 31 0 1.3100 111.8200 0.0000 3.0228 402.3129 650.9844 1.0564 0.0000 0.0000 0.0000 3.4170 0.0000 3.4170 
2023 4 1 0 2.7800 97.9300 0.0000 0.4579 402.2981 650.9824 1.0563 0.0000 0.0000 0.0000 3.4099 0.0000 3.4099 
2023 4 2 0 2.6600 105.1000 0.0000 0.0255 402.2380 650.9741 1.0558 0.0000 0.0000 0.0000 3.3812 0.0000 3.3812 
2023 4 3 0 1.9200 126.4800 0.0000 0.0005 402.1168 650.9574 1.0549 0.0000 0.0000 0.0000 3.3232 0.0000 3.3232 
2023 4 4 0 1.3000 133.1300 0.0000 0.0000 401.9489 650.9342 1.0535 0.0000 0.0000 0.0000 3.2429 0.0000 3.2429 
2023 4 5 0 1.1600 130.9100 0.0000 0.0000 401.7761 650.9104 1.0522 0.0000 0.0000 0.0000 3.1602 0.0000 3.1602 
2023 4 6 0 1.0000 125.8900 0.0000 0.0000 401.5969 650.8857 1.0507 0.0000 0.0000 0.0000 3.0745 0.0000 3.0745 
2023 4 7 0 0.8700 117.9200 0.0000 0.0000 401.4139 650.8605 1.0493 0.0000 0.0000 0.0000 2.9870 0.0000 2.9870 
2023 4 8 0 0.8300 120.6500 0.0000 0.0000 401.2350 650.8359 1.0479 0.0000 0.0000 0.0000 2.9014 0.0000 2.9014 
2023 4 9 0 0.8300 110.2100 0.0000 0.0000 401.0631 650.8122 1.0465 0.0000 0.0000 0.0000 2.8191 0.0000 2.8191 
2023 4 10 0 0.9000 54.3700 0.0000 0.0000 400.9039 650.7902 1.0453 0.0000 0.0000 0.0000 2.7430 0.0000 2.7430 
2023 4 11 0 3.5100 84.4600 0.0000 0.2359 400.9528 650.7970 1.0457 0.0000 0.4130 0.0000 2.7664 0.0000 3.1794 
2023 4 12 0 3.1400 111.9800 0.0000 2.7374 400.8193 650.7786 1.0446 0.0000 4.7200 0.0000 2.7025 0.0000 7.4225 
2023 4 13 0 3.1400 107.2100 0.0000 3.1739 400.7274 650.7659 1.0439 0.0000 4.7200 0.0000 2.6585 0.0000 7.3785 
2023 4 14 0 3.6900 118.9300 0.0000 3.1995 400.6868 650.7603 1.0436 0.0000 4.7200 0.0000 2.6391 0.0000 7.3591 
2023 4 15 0 3.5700 111.6600 0.0000 3.2000 400.6379 650.7536 1.0432 0.0000 4.7200 0.0000 2.6157 0.0000 7.3357 
2023 4 16 0 3.5800 115.1500 0.0000 3.2000 400.5918 650.7472 1.0428 0.0000 4.7200 0.0000 2.5937 0.0000 7.3137 
2023 4 17 0 3.7900 125.4800 0.0000 3.2000 400.5649 650.7435 1.0426 0.0000 4.7200 0.0000 2.5808 0.0000 7.3008 
2023 4 18 0 4.0200 114.7600 0.0000 3.2000 400.5582 650.7426 1.0425 0.0000 4.7200 0.0000 2.5776 0.0000 7.2976 
2023 4 19 0 4.2200 108.7500 0.0000 3.2000 400.5684 650.7440 1.0426 0.0000 4.7200 0.0000 2.5825 0.0000 7.3025 
2023 4 20 0 4.6100 111.1600 0.0000 3.2000 400.6105 650.7498 1.0430 0.0000 4.7200 0.0000 2.6026 0.0000 7.3226 
2023 4 21 0 5.1600 107.9900 0.0000 3.2000 400.6966 650.7617 1.0436 0.0000 4.7200 0.0000 2.6438 0.0000 7.3638 
2023 4 22 0 5.7700 98.4000 0.0000 3.2000 400.8298 650.7800 1.0447 0.0000 4.7200 0.0000 2.7075 0.0000 7.4275 
2023 4 23 0 7.5400 97.8600 0.0000 3.2000 401.1047 650.8179 1.0469 0.0000 4.7200 0.0000 2.8390 0.0000 7.5590 
2023 4 24 0 7.6900 116.5300 0.0000 3.2000 401.3811 650.8560 1.0490 0.0000 4.7200 0.0000 2.9712 0.0000 7.6912 
2023 4 25 0 6.9900 104.4700 0.0000 3.2000 401.5884 650.8846 1.0507 0.0000 4.7200 0.0000 3.0704 0.0000 7.7904 
2023 4 26 0 6.0000 114.3700 0.0000 3.2000 401.7053 650.9007 1.0516 0.0000 4.7200 0.0000 3.1264 0.0000 7.8464 
2023 4 27 0 4.9200 123.3800 0.0000 3.2000 401.7280 650.9038 1.0518 0.0000 4.7200 0.0000 3.1372 0.0000 7.8572 
2023 4 28 0 4.2400 121.7100 0.0000 3.2000 401.6934 650.8990 1.0515 0.0000 4.7200 0.0000 3.1207 0.0000 7.8407 
2023 4 29 0 3.8000 112.7000 0.0000 3.2000 401.6237 650.8894 1.0510 0.0000 4.7200 0.0000 3.0873 0.0000 7.8073 
2023 4 30 0 3.5400 99.7900 0.0000 3.2000 401.5351 650.8772 1.0503 0.0000 4.7200 0.0000 3.0449 0.0000 7.7649 
2023 5 1 0 3.4100 106.3400 0.0000 3.2000 401.4393 650.8640 1.0495 0.0000 4.7200 0.0000 2.9991 0.0000 7.7191 
2023 5 2 0 3.4800 121.7900 0.0000 3.2000 401.3531 650.8521 1.0488 0.0000 4.7200 0.0000 2.9578 0.0000 7.6778 
2023 5 3 0 3.6300 118.1800 0.0000 3.2000 401.2827 650.8424 1.0483 0.0000 4.7200 0.0000 2.9242 0.0000 7.6442 
2023 5 4 0 3.7100 112.1600 0.0000 3.2000 401.2218 650.8340 1.0478 0.0000 4.7200 0.0000 2.8951 0.0000 7.6151 
2023 5 5 0 3.4500 97.5700 0.0000 3.2000 401.1417 650.8230 1.0472 0.0000 4.7200 0.0000 2.8567 0.0000 7.5767 
2023 5 6 0 3.1800 94.9300 0.0000 3.2000 401.0424 650.8093 1.0464 0.0000 4.7200 0.0000 2.8092 0.0000 7.5292 
2023 5 7 0 3.2300 88.0500 0.0000 3.2000 400.9512 650.7968 1.0457 0.0000 4.7200 0.0000 2.7656 0.0000 7.4856 
2023 5 8 0 3.6300 102.0400 0.0000 3.2000 400.8968 650.7893 1.0452 0.0000 4.7200 0.0000 2.7396 0.0000 7.4596 
2023 5 9 0 5.0500 96.1600 0.0000 3.2000 400.9624 650.7983 1.0457 0.0000 4.7200 0.0000 2.7710 0.0000 7.4910 
2023 5 10 0 8.6400 94.0200 0.0000 3.5170 401.3496 650.8517 1.0488 0.0000 4.7200 0.0000 2.9562 0.0000 7.6762 
2023 5 11 0 9.7000 101.3600 0.0000 2.9120 402.0381 650.9465 1.0542 0.0000 1.3570 0.0000 3.2856 0.0000 4.6426 
2023 5 12 0 10.5400 91.5000 0.0000 3.5911 402.9380 651.0706 1.0613 0.0000 0.0000 0.0000 3.7160 0.0000 3.7160 
2023 5 13 0 11.1600 74.6100 0.0000 5.1752 403.9850 651.2149 1.0696 0.0000 0.0000 0.0000 4.2169 0.0000 4.2169 
2023 5 14 0 10.9900 72.7500 0.0000 6.6221 405.0964 651.3680 1.0784 0.0000 0.0000 0.0000 4.7486 0.0000 4.7486 
2023 5 15 0 11.6700 94.8900 0.0000 8.2131 406.3521 651.5411 1.0883 0.0000 0.0000 0.0000 5.3493 0.0000 5.3493 
2023 5 16 0 12.5900 63.0700 0.0000 10.2116 407.8002 651.7407 1.0997 0.0000 0.0000 0.0000 6.0420 0.0000 6.0420 
2023 5 17 0 10.8400 54.3000 0.0000 11.4169 409.1455 651.9261 1.1104 0.0000 0.0000 0.0000 6.6856 0.0000 6.6856 
2023 5 18 0 8.7900 88.1100 0.0000 11.6740 410.2887 652.0836 1.1194 0.0000 0.0000 0.0000 7.2325 0.0000 7.2325 
2023 5 19 0 7.7900 92.9400 0.0000 11.4900 411.2883 652.2214 1.1273 0.0000 0.0000 0.0000 7.7106 0.0000 7.7106 
2023 5 20 0 7.8000 52.6300 0.0000 11.2522 412.2294 652.3511 1.1347 0.0000 0.0000 0.0000 8.1608 0.0000 8.1608 
2023 5 21 0 7.5500 37.1300 0.0000 10.9489 413.0871 652.4693 1.1415 0.0000 0.0000 0.0000 8.5711 0.0000 8.5711 
2023 5 22 0 7.5700 84.4700 0.0000 10.6189 413.8851 652.5793 1.1478 0.0000 0.0000 0.0000 8.9529 0.0000 8.9529 
2023 5 23 0 9.9000 63.0000 0.0000 10.6814 414.8499 652.7122 1.1554 0.0000 0.0000 0.0000 9.4144 0.0000 9.4144 
2023 5 24 0 9.5400 82.4800 0.0000 10.8891 415.7638 652.8382 1.1626 0.0000 0.0000 0.0000 9.8516 0.0000 9.8516 
2023 5 25 0 8.6400 57.6600 0.0000 10.9343 416.5705 652.9494 1.1690 0.0000 0.0000 0.0000 10.2375 0.0000 10.2375 
2023 5 26 0 8.0200 61.9200 0.0000 11.0132 417.3003 653.0499 1.1747 0.0000 0.0000 0.0000 10.5866 0.0000 10.5866 
2023 5 27 0 7.0600 61.7400 0.0000 10.9132 417.9132 653.1344 1.1796 0.0000 0.0000 0.0000 10.8798 0.0000 10.8798 
2023 5 28 0 5.9100 48.1500 0.0000 10.4542 418.3682 653.1971 1.1832 0.0000 0.0000 0.0000 11.0975 0.0000 11.0975 
2023 5 29 0 4.7600 41.9900 0.0000 9.6990 418.6471 653.2355 1.1854 0.0000 0.0000 0.0000 11.2309 0.0000 11.2309 
2023 5 30 0 4.0400 85.7800 0.0000 8.8970 418.7887 653.2551 1.1865 0.0000 0.0000 0.0000 11.2986 0.0000 11.2986 
2023 5 31 0 3.5300 60.1500 0.0000 8.1090 418.8169 653.2589 1.1867 0.0000 0.0000 0.0000 11.3122 0.0000 11.3122 
2023 6 1 0 3.1400 67.1300 0.0000 7.3609 418.7496 653.2497 1.1862 0.0000 0.0000 0.0000 11.2800 0.0000 11.2800 
2023 6 2 0 2.7100 80.9600 0.0000 6.6342 418.5890 653.2275 1.1849 0.0000 0.0000 0.0000 11.2031 0.0000 11.2031 
2023 6 3 0 2.3300 62.3200 0.0000 5.9431 418.3459 653.1940 1.1830 0.0000 0.0000 0.0000 11.0868 0.0000 11.0868 
2023 6 4 0 2.0500 61.2100 0.0000 5.3182 418.0374 653.1515 1.1806 0.0000 0.0000 0.0000 10.9392 0.0000 10.9392 
2023 6 5 0 1.8200 87.8500 0.0000 4.7558 417.6753 653.1016 1.1777 0.0000 0.0000 0.0000 10.7660 0.0000 10.7660 
2023 6 6 0 1.5900 90.1800 0.0000 4.2427 417.2660 653.0452 1.1745 0.0000 0.0000 0.0000 10.5702 0.0000 10.5702 
2023 6 7 0 1.3800 96.7800 0.0000 3.7743 416.8166 652.9833 1.1709 0.0000 0.0000 0.0000 10.3553 0.0000 10.3553 
2023 6 8 0 1.2000 89.0900 0.0000 3.3494 416.3349 652.9169 1.1671 0.0000 0.0000 0.0000 10.1248 0.0000 10.1248 
2023 6 9 0 1.0300 88.9200 0.0000 2.9645 415.8263 652.8468 1.1631 0.0000 0.0000 0.0000 9.8815 0.0000 9.8815 
2023 6 10 0 0.8800 61.8300 0.0000 2.6161 415.2965 652.7738 1.1589 0.0000 0.0000 0.0000 9.6281 0.0000 9.6281 
2023 6 11 0 0.7600 47.6500 0.0000 2.3029 414.7518 652.6987 1.1546 0.0000 0.0000 0.0000 9.3675 0.0000 9.3675 
2023 6 12 0 0.6500 88.7900 0.0000 2.0254 414.1965 652.6222 1.1502 0.0000 0.0000 0.0000 9.1019 0.0000 9.1019 
2023 6 13 0 0.5700 99.0700 0.0000 1.7814 413.6364 652.5450 1.1458 0.0000 0.0000 0.0000 8.8339 0.0000 8.8339 
2023 6 14 0 0.4900 105.6600 0.0000 1.5643 413.0739 652.4675 1.1414 0.0000 0.0000 0.0000 8.5648 0.0000 8.5648 
2023 6 15 0 0.4400 116.5000 0.0000 1.3750 412.5139 652.3903 1.1370 0.0000 0.0000 0.0000 8.2969 0.0000 8.2969 
2023 6 16 0 0.4100 123.1200 0.0000 1.2126 411.9601 652.3140 1.1326 0.0000 0.0000 0.0000 8.0320 0.0000 8.0320 
2023 6 17 0 0.3800 107.5100 0.0000 1.0716 411.4141 652.2387 1.1283 0.0000 0.0000 0.0000 7.7708 0.0000 7.7708 
2023 6 18 0 0.3600 102.7200 0.0000 0.9510 410.8782 652.1649 1.1240 0.0000 0.0000 0.0000 7.5144 0.0000 7.5144 
2023 6 19 0 0.3400 116.7200 0.0000 0.8521 410.3536 652.0926 1.1199 0.0000 0.0000 0.0000 7.2635 0.0000 7.2635 
2023 6 20 0 0.3500 131.3100 0.0000 0.7763 409.8444 652.0224 1.1159 0.0000 0.0000 0.0000 7.0199 0.0000 7.0199 
2023 6 21 0 0.4000 131.9100 0.0000 0.7452 409.3570 651.9552 1.1120 0.0000 0.0000 0.0000 6.7867 0.0000 6.7867 
2023 6 22 0 0.7800 129.3300 0.0000 0.9186 408.9348 651.8970 1.1087 0.0000 0.0000 0.0000 6.5848 0.0000 6.5848 
2023 6 23 0 0.6100 112.7300 0.0000 1.0194 408.5236 651.8404 1.1054 0.0000 0.0000 0.0000 6.3881 0.0000 6.3881 
2023 6 24 0 0.4700 91.6000 0.0000 1.0285 408.1179 651.7844 1.1022 0.0000 0.0000 0.0000 6.1940 0.0000 6.1940 
2023 6 25 0 0.3800 78.9200 0.0000 0.9835 407.7172 651.7292 1.0991 0.0000 0.0000 0.0000 6.0023 0.0000 6.0023 
2023 6 26 0 0.3600 97.3600 0.0000 0.9180 407.3252 651.6752 1.0960 0.0000 0.0000 0.0000 5.8148 0.0000 5.8148 
2023 6 27 0 0.3800 97.1000 0.0000 0.8540 406.9451 651.6228 1.0930 0.0000 0.0000 0.0000 5.6329 0.0000 5.6329 
2023 6 28 0 0.3600 110.3800 0.0000 0.8013 406.5741 651.5717 1.0901 0.0000 0.0000 0.0000 5.4555 0.0000 5.4555 
2023 6 29 0 0.3500 115.5800 0.0000 0.7535 406.2130 651.5219 1.0872 0.0000 0.0000 0.0000 5.2827 0.0000 5.2827 
2023 6 30 0 0.4100 106.1600 0.0000 0.7132 405.8679 651.4744 1.0845 0.0000 0.0000 0.0000 5.1176 0.0000 5.1176 
2023 7 1 0 0.3900 61.0800 0.0000 0.6711 405.5313 651.4280 1.0818 0.0000 0.0000 0.0000 4.9566 0.0000 4.9566 
2023 7 2 0 0.4300 15.9100 0.0000 0.6347 405.2084 651.3835 1.0793 0.0000 0.0000 0.0000 4.8021 0.0000 4.8021 
2023 7 3 0 0.4200 50.3200 0.0000 0.6045 404.8950 651.3403 1.0768 0.0000 0.0000 0.0000 4.6522 0.0000 4.6522 
2023 7 4 0 0.5500 83.2500 0.0000 0.5941 404.6039 651.3002 1.0745 0.0000 0.0000 0.0000 4.5130 0.0000 4.5130 
2023 7 5 0 0.5400 80.5300 0.0000 0.5866 404.3229 651.2614 1.0723 0.0000 0.0000 0.0000 4.3785 0.0000 4.3785 
2023 7 6 0 0.6100 96.7500 0.0000 0.5934 404.0595 651.2251 1.0702 0.0000 0.0000 0.0000 4.2525 0.0000 4.2525 
2023 7 7 0 0.6500 101.0400 0.0000 0.6377 403.8135 651.1912 1.0683 0.0000 0.0000 0.0000 4.1348 0.0000 4.1348 
2023 7 8 0 0.7800 87.4600 0.0000 0.7770 403.5996 651.1617 1.0666 0.0000 0.0000 0.0000 4.0325 0.0000 4.0325 
2023 7 9 0 0.7800 94.0500 0.0000 0.9255 403.4065 651.1351 1.0650 0.0000 0.0000 0.0000 3.9402 0.0000 3.9402 
2023 7 10 0 0.7300 98.2100 0.0000 1.0232 403.2251 651.1101 1.0636 0.0000 0.0000 0.0000 3.8534 0.0000 3.8534 
2023 7 11 0 0.8500 89.8900 0.0000 1.0771 403.0652 651.0881 1.0623 0.0000 0.0000 0.0000 3.7769 0.0000 3.7769 
2023 7 12 0 1.2400 76.6900 0.0000 1.1511 402.9503 651.0723 1.0614 0.0000 0.0000 0.0000 3.7219 0.0000 3.7219 
2023 7 13 0 1.0800 83.4900 0.0000 1.1830 402.8292 651.0556 1.0605 0.0000 0.0000 0.0000 3.6640 0.0000 3.6640 
2023 7 14 0 0.9200 85.4800 0.0000 1.1686 402.6985 651.0376 1.0594 0.0000 0.0000 0.0000 3.6015 0.0000 3.6015 
2023 7 15 0 1.2000 33.3300 0.0000 1.1750 402.5967 651.0235 1.0586 0.0000 0.0000 0.0000 3.5528 0.0000 3.5528 
2023 7 16 0 2.5600 17.8600 0.0000 1.3458 402.6260 651.0276 1.0589 0.0000 0.0000 0.0000 3.5668 0.0000 3.5668 
2023 7 17 0 3.7600 30.5600 0.0000 1.6586 402.7797 651.0487 1.0601 0.0000 0.0000 0.0000 3.6403 0.0000 3.6403 
2023 7 18 0 3.2200 64.7000 0.0000 1.8742 402.9003 651.0654 1.0610 0.0000 0.0000 0.0000 3.6980 0.0000 3.6980 
2023 7 19 0 2.4900 77.7600 0.0000 4.1771 402.7550 651.0453 1.0599 0.0000 4.7200 0.0000 3.6285 0.0000 8.3485 
2023 7 20 0 2.0500 64.6700 0.0000 4.1715 402.5786 651.0210 1.0585 0.0000 4.7200 0.0000 3.5441 0.0000 8.2641 
2023 7 21 0 1.7300 83.1300 0.0000 3.7447 402.3471 650.9891 1.0567 0.0000 4.7200 0.0000 3.4334 0.0000 8.1534 
2023 7 22 0 1.5200 75.6300 0.0000 3.3335 402.0733 650.9514 1.0545 0.0000 4.7200 0.0000 3.3024 0.0000 8.0224 
2023 7 23 0 1.4800 33.2000 0.0000 3.2140 401.7972 650.9133 1.0523 0.0000 4.7200 0.0000 3.1703 0.0000 7.8903 
2023 7 24 0 1.3100 69.9000 0.0000 3.2007 401.5168 650.8747 1.0501 0.0000 4.7200 0.0000 3.0362 0.0000 7.7562 
2023 7 25 0 1.1200 60.2500 0.0000 3.2000 401.2317 650.8354 1.0479 0.0000 4.7200 0.0000 2.8998 0.0000 7.6198 
2023 7 26 0 1.0100 69.5200 0.0000 3.2000 400.9488 650.7964 1.0456 0.0000 4.7200 0.0000 2.7644 0.0000 7.4844 
2023 7 27 0 0.9100 87.3400 0.0000 3.2000 400.6688 650.7578 1.0434 0.0000 4.7200 0.0000 2.6305 0.0000 7.3505 
2023 7 28 0 0.7900 86.7600 0.0000 3.2000 400.3900 650.7194 1.0412 0.0000 4.7200 0.0000 2.4971 0.0000 7.2171 
2023 7 29 0 0.7000 74.6100 0.0000 3.2000 400.1147 650.6815 1.0390 0.0000 4.7200 0.0000 2.3654 0.0000 7.0854 
2023 7 30 0 0.6800 39.5200 0.0000 3.2000 399.8488 650.6448 1.0369 0.0000 4.7200 0.0000 2.2382 0.0000 6.9582 
2023 7 31 0 0.9200 69.3300 0.0000 3.2000 399.6133 650.6124 1.0351 0.0000 4.7200 0.0000 2.1256 0.0000 6.8456 
2023 8 1 0 0.7400 73.8700 0.0000 3.2000 399.3722 650.5791 1.0332 0.0000 4.7200 0.0000 2.0102 0.0000 6.7302 
2023 8 2 0 0.5700 64.7500 0.0000 3.2000 399.1266 650.5453 1.0312 0.0000 4.7200 0.0000 1.8927 0.0000 6.6127 
2023 8 3 0 0.4900 43.5500 0.0000 3.2000 398.8841 650.5119 1.0293 0.0000 4.7200 0.0000 1.7767 0.0000 6.4967 
2023 8 4 0 0.4500 62.1300 0.0000 3.2000 398.6479 650.4793 1.0275 0.0000 4.7200 0.0000 1.6637 0.0000 6.3837 
2023 8 5 0 0.4400 76.9400 0.0000 3.2000 398.4202 650.4479 1.0257 0.0000 4.7200 0.0000 1.5548 0.0000 6.2748 
2023 8 6 0 0.4100 57.5500 0.0000 3.2000 398.1991 650.4175 1.0239 0.0000 4.7200 0.0000 1.4491 0.0000 6.1691 
2023 8 7 0 0.3900 16.8300 0.0000 3.2000 397.9852 650.3880 1.0222 0.0000 4.7200 0.0000 1.3467 0.0000 6.0667 
2023 8 8 0 0.9400 0.0400 0.0000 3.2000 397.8253 650.3659 1.0210 0.0000 4.7200 0.0000 1.2702 0.0000 5.9902 
2023 8 9 0 1.0100 14.7000 0.0000 3.2000 397.6776 650.3456 1.0198 0.0000 4.7200 0.0000 1.1996 0.0000 5.9196 
2023 8 10 0 0.8900 51.2900 0.0000 3.2000 397.5258 650.3247 1.0186 0.0000 4.7200 0.0000 1.1270 0.0000 5.8470 
2023 8 11 0 0.9000 72.3800 0.0000 3.2000 397.3808 650.3047 1.0175 0.0000 4.7200 0.0000 1.0576 0.0000 5.7776 
2023 8 12 0 0.7100 69.7000 0.0000 3.2000 397.2259 650.2833 1.0162 0.0000 4.7200 0.0000 0.9835 0.0000 5.7035 
2023 8 13 0 0.5900 63.1900 0.0000 3.2000 397.0671 650.2615 1.0150 0.0000 4.7200 0.0000 0.9075 0.0000 5.6275 
2023 8 14 0 0.5700 85.9500 0.0000 3.2000 396.9130 650.2402 1.0138 0.0000 4.7200 0.0000 0.8338 0.0000 5.5538 
2023 8 15 0 1.5600 82.7300 0.0000 3.2000 396.8471 650.2311 1.0132 0.0000 4.7200 0.0000 0.8023 0.0000 5.5223 
2023 8 16 0 2.0000 93.5300 0.0000 3.2000 396.8204 650.2275 1.0130 0.0000 4.7200 0.0000 0.7895 0.0000 5.5095 
2023 8 17 0 1.6500 92.9900 0.0000 3.2000 396.7657 650.2199 1.0126 0.0000 4.7200 0.0000 0.7633 0.0000 5.4833 
2023 8 18 0 1.3700 84.3900 0.0000 3.2000 396.6899 650.2095 1.0120 0.0000 4.7200 0.0000 0.7271 0.0000 5.4471 
2023 8 19 0 1.2900 48.8800 0.0000 3.2000 396.6105 650.1985 1.0114 0.0000 4.7200 0.0000 0.6891 0.0000 5.4091 
2023 8 20 0 2.3700 75.6000 0.0000 3.2000 396.6238 650.2004 1.0115 0.0000 4.7200 0.0000 0.6955 0.0000 5.4155 
2023 8 21 0 1.8300 88.4800 0.0000 3.2000 396.5919 650.1960 1.0112 0.0000 4.7200 0.0000 0.6802 0.0000 5.4002 
2023 8 22 0 1.4800 92.0800 0.0000 3.2000 396.5321 650.1877 1.0108 0.0000 4.7200 0.0000 0.6516 0.0000 5.3716 
2023 8 23 0 1.2600 99.5400 0.0000 3.2000 396.4565 650.1773 1.0102 0.0000 4.7200 0.0000 0.6154 0.0000 5.3354 
2023 8 24 0 1.0700 99.6900 0.0000 3.2000 396.3681 650.1651 1.0095 0.0000 4.7200 0.0000 0.5731 0.0000 5.2931 
2023 8 25 0 1.4100 93.1800 0.0000 3.2000 396.3114 650.1573 1.0090 0.0000 4.7200 0.0000 0.5460 0.0000 5.2660 
2023 8 26 0 2.2100 87.9600 0.0000 3.2000 396.3233 650.1589 1.0091 0.0000 4.7200 0.0000 0.5517 0.0000 5.2717 
2023 8 27 0 2.3400 89.4800 0.0000 3.2000 396.3456 650.1620 1.0093 0.0000 4.7200 0.0000 0.5624 0.0000 5.2824 
2023 8 28 0 1.8200 91.8000 0.0000 3.2000 396.3238 650.1590 1.0091 0.0000 4.7200 0.0000 0.5520 0.0000 5.2720 
2023 8 29 0 1.4800 95.0600 0.0000 3.2000 396.2747 650.1522 1.0087 0.0000 4.7200 0.0000 0.5285 0.0000 5.2485 
2023 8 30 0 1.2500 99.5900 0.0000 3.2000 396.2085 650.1431 1.0082 0.0000 4.7200 0.0000 0.4968 0.0000 5.2168 
2023 8 31 0 1.1200 97.2200 0.0000 3.2000 396.1341 650.1329 1.0076 0.0000 4.7200 0.0000 0.4612 0.0000 5.1812 
