RESERVOIR node 9 KROKNESVATN
reservoir_init_fr= 0.66000  masl=433.674
Filling at HRW [Mm3] = 218.57000
Filling at LRW [Mm3] = 19.30000
Active reservoir capacity [Mm3] = 199.27000
yyyy mm dd hh [m3/s] [Euro/MWh] [fr] [m3/s] [Mm3] [masl] [fr] [Euro]         [m3/s]     [m3/s]    [m3/s]   [m3/s]    [m3/s] 
yyyy mm dd hh Inflow Price Action Up_Inflow Res_Mm3 Res_masl Res_fr lrw_cost tunnelflow hatchflow overflow auto_qmin tot_outflow
2022 9 1 0 0.6400 564.8800 0.0000 0.0657 150.8792 407.7344 0.6603 0.0000 0.0000 0.0000 0.0000 0.0000 0.0000 
2022 9 2 0 0.5800 425.8500 0.0000 0.0037 150.9296 407.7549 0.6606 0.0000 0.0000 0.0000 0.0000 0.0000 0.0000 
2022 9 3 0 0.5400 383.9200 0.0000 0.0001 150.9763 407.7740 0.6608 0.0000 0.0000 0.0000 0.0000 0.0000 0.0000 
2022 9 4 0 0.6700 310.1000 0.0000 5.7746 150.9996 407.7835 0.6609 0.0000 6.1740 0.0000 0.0000 0.0000 6.1740 
2022 9 5 0 0.6400 388.8400 0.0000 8.9077 151.1472 407.8438 0.6617 0.0000 7.8400 0.0000 0.0000 0.0000 7.8400 
2022 9 6 0 0.5900 414.3500 0.0000 9.4759 151.3395 407.9222 0.6626 0.0000 7.8400 0.0000 0.0000 0.0000 7.8400 
2022 9 7 0 0.5600 451.5300 0.0000 9.5188 151.5329 408.0012 0.6636 0.0000 7.8400 0.0000 0.0000 0.0000 7.8400 
2022 9 8 0 0.5200 426.5600 0.0000 9.5200 151.7230 408.0788 0.6645 0.0000 7.8400 0.0000 0.0000 0.0000 7.8400 
2022 9 9 0 0.4900 352.9300 0.0000 9.5200 151.9105 408.1553 0.6655 0.0000 7.8400 0.0000 0.0000 0.0000 7.8400 
2022 9 10 0 0.4600 410.9400 0.0000 9.5200 152.0954 408.2308 0.6664 0.0000 7.8400 0.0000 0.0000 0.0000 7.8400 
2022 9 11 0 0.4400 400.0100 0.0000 9.5200 152.2786 408.3055 0.6673 0.0000 7.8400 0.0000 0.0000 0.0000 7.8400 
2022 9 12 0 1.1700 407.9500 0.0000 9.5200 152.5248 408.4060 0.6686 0.0000 7.8400 0.0000 0.0000 0.0000 7.8400 
2022 9 13 0 4.6500 382.5800 0.0000 9.5200 153.0717 408.6293 0.6713 0.0000 7.8400 0.0000 0.0000 0.0000 7.8400 
2022 9 14 0 2.9100 425.5000 0.0000 9.5200 153.4683 408.7911 0.6733 0.0000 7.8400 0.0000 0.0000 0.0000 7.8400 
2022 9 15 0 2.2700 355.8200 0.0000 9.5200 153.8096 408.9304 0.6750 0.0000 7.8400 0.0000 0.0000 0.0000 7.8400 
2022 9 16 0 1.8500 329.3900 0.0000 9.5200 154.1146 409.0549 0.6765 0.0000 7.8400 0.0000 0.0000 0.0000 7.8400 
2022 9 17 0 1.4900 246.9600 0.0000 9.5200 154.3885 409.1667 0.6779 0.0000 7.8400 0.0000 0.0000 0.0000 7.8400 
2022 9 18 0 1.2100 117.5900 0.0000 9.5200 154.6382 409.2686 0.6792 0.0000 7.8400 0.0000 0.0000 0.0000 7.8400 
2022 9 19 0 1.0100 288.3300 0.0000 9.5200 154.8706 409.3635 0.6803 0.0000 7.8400 0.0000 0.0000 0.0000 7.8400 
2022 9 20 0 0.9200 380.8200 0.0000 9.5200 155.0952 409.4552 0.6815 0.0000 7.8400 0.0000 0.0000 0.0000 7.8400 
2022 9 21 0 0.8500 388.8300 0.0000 9.5200 155.3138 409.5444 0.6826 0.0000 7.8400 0.0000 0.0000 0.0000 7.8400 
2022 9 22 0 0.8000 378.9000 0.0000 9.5200 155.5281 409.6319 0.6836 0.0000 7.8400 0.0000 0.0000 0.0000 7.8400 
2022 9 23 0 0.8600 359.9800 0.0000 9.5200 155.7475 409.7214 0.6847 0.0000 7.8400 0.0000 0.0000 0.0000 7.8400 
2022 9 24 0 0.9300 350.7100 0.0000 9.5200 155.9730 409.8135 0.6859 0.0000 7.8400 0.0000 0.0000 0.0000 7.8400 
2022 9 25 0 0.9300 299.0800 0.0000 9.5200 156.1985 409.9055 0.6870 0.0000 7.8400 0.0000 0.0000 0.0000 7.8400 
2022 9 26 0 2.5800 259.4000 0.0000 9.5200 156.5666 410.0558 0.6888 0.0000 7.8400 0.0000 0.0000 0.0000 7.8400 
2022 9 27 0 5.0000 306.8900 0.0000 9.5200 157.1438 410.2913 0.6917 0.0000 7.8400 0.0000 0.0000 0.0000 7.8400 
2022 9 28 0 11.4500 308.5200 0.0000 9.5200 158.2782 410.7544 0.6974 0.0000 7.8400 0.0000 0.0000 0.0000 7.8400 
2022 9 29 0 8.0600 347.1000 0.0000 9.5200 159.1197 411.0978 0.7017 0.0000 7.8400 0.0000 0.0000 0.0000 7.8400 
2022 9 30 0 6.0900 278.9700 0.0000 9.5200 159.7911 411.3719 0.7050 0.0000 7.8400 0.0000 0.0000 0.0000 7.8400 
2022 10 1 0 13.2800 90.2400 0.0000 9.5200 161.0836 411.8994 0.7115 0.0000 7.8400 0.0000 0.0000 0.0000 7.8400 
2022 10 2 0 12.4800 182.7200 0.0000 9.5200 162.3070 412.3988 0.7177 0.0000 7.8400 0.0000 0.0000 0.0000 7.8400 
2022 10 3 0 9.1900 234.6000 0.0000 9.5200 163.2462 412.7821 0.7224 0.0000 7.8400 0.0000 0.0000 0.0000 7.8400 
2022 10 4 0 7.1400 199.0100 0.0000 9.5200 164.0082 413.0863 0.7262 0.0000 7.8400 0.0000 0.0000 0.0000 7.8400 
2022 10 5 0 6.8500 51.1100 0.0000 9.5200 164.7452 413.3649 0.7299 0.0000 7.8400 0.0000 0.0000 0.0000 7.8400 
2022 10 6 0 8.6000 23.8700 0.0000 9.5200 165.6334 413.7007 0.7343 0.0000 7.8400 0.0000 0.0000 0.0000 7.8400 
2022 10 7 0 9.6600 30.2900 0.0000 9.5200 166.6132 414.0712 0.7393 0.0000 7.8400 0.0000 0.0000 0.0000 7.8400 
2022 10 8 0 10.5800 53.3800 0.0000 9.5200 167.6725 414.4716 0.7446 0.0000 7.8400 0.0000 0.0000 0.0000 7.8400 
2022 10 9 0 8.3700 91.9400 0.0000 9.5200 168.5408 414.7999 0.7489 0.0000 7.8400 0.0000 0.0000 0.0000 7.8400 
2022 10 10 0 7.4100 137.7100 0.0000 9.5200 169.3262 415.0968 0.7529 0.0000 7.8400 0.0000 0.0000 0.0000 7.8400 
2022 10 11 0 7.3200 174.3200 0.0000 9.5200 170.1038 415.3908 0.7568 0.0000 7.8400 0.0000 0.0000 0.0000 7.8400 
2022 10 12 0 6.1200 199.9900 0.0000 9.5200 170.7777 415.6456 0.7602 0.0000 7.8400 0.0000 0.0000 0.0000 7.8400 
2022 10 13 0 5.7400 233.6000 0.0000 9.5200 171.4188 415.8880 0.7634 0.0000 7.8400 0.0000 0.0000 0.0000 7.8400 
2022 10 14 0 5.1400 217.2400 0.0000 9.5200 172.0080 416.1108 0.7663 0.0000 7.8400 0.0000 0.0000 0.0000 7.8400 
2022 10 15 0 9.4700 154.6600 0.0000 9.5200 172.9714 416.4750 0.7712 0.0000 7.8400 0.0000 0.0000 0.0000 7.8400 
2022 10 16 0 11.5600 113.2100 0.0000 9.5200 174.1153 416.9075 0.7769 0.0000 7.8400 0.0000 0.0000 0.0000 7.8400 
2022 10 17 0 11.0000 146.2200 0.0000 9.5200 175.2109 417.3217 0.7824 0.0000 7.8400 0.0000 0.0000 0.0000 7.8400 
2022 10 18 0 10.4500 163.8200 0.0000 9.5200 176.2589 417.7179 0.7877 0.0000 7.8400 0.0000 0.0000 0.0000 7.8400 
2022 10 19 0 9.0000 159.7000 0.0000 9.5200 177.1816 418.0668 0.7923 0.0000 7.8400 0.0000 0.0000 0.0000 7.8400 
2022 10 20 0 7.3400 142.1100 0.0000 9.5200 177.9610 418.3614 0.7962 0.0000 7.8400 0.0000 0.0000 0.0000 7.8400 
2022 10 21 0 6.1000 157.4800 0.0000 9.5200 178.6332 418.6156 0.7996 0.0000 7.8400 0.0000 0.0000 0.0000 7.8400 
2022 10 22 0 5.2100 142.0700 0.0000 9.5200 179.2285 418.8406 0.8026 0.0000 7.8400 0.0000 0.0000 0.0000 7.8400 
2022 10 23 0 4.5600 99.6700 0.0000 9.5200 179.7676 419.0445 0.8053 0.0000 7.8400 0.0000 0.0000 0.0000 7.8400 
2022 10 24 0 4.7600 85.2000 0.0000 9.5200 180.3240 419.2548 0.8081 0.0000 7.8400 0.0000 0.0000 0.0000 7.8400 
2022 10 25 0 6.4100 110.5100 0.0000 9.5200 181.0230 419.5191 0.8116 0.0000 7.8400 0.0000 0.0000 0.0000 7.8400 
2022 10 26 0 5.7200 121.4900 0.0000 9.5200 181.6623 419.7608 0.8148 0.0000 7.8400 0.0000 0.0000 0.0000 7.8400 
2022 10 27 0 5.4500 117.6600 0.0000 9.5200 182.2784 419.9937 0.8179 0.0000 7.8400 0.0000 0.0000 0.0000 7.8400 
2022 10 28 0 4.8700 103.2200 0.0000 9.5200 182.8443 420.2077 0.8207 0.0000 7.8400 0.0000 0.0000 0.0000 7.8400 
2022 10 29 0 5.1800 101.6200 0.0000 9.5200 183.4370 420.4318 0.8237 0.0000 7.8400 0.0000 0.0000 0.0000 7.8400 
2022 10 30 0 4.5200 117.9300 0.0000 9.5200 183.9727 420.6343 0.8264 0.0000 7.8400 0.0000 0.0000 0.0000 7.8400 
2022 10 31 0 4.0600 144.1300 0.0000 9.5200 184.4686 420.8218 0.8289 0.0000 7.8400 0.0000 0.0000 0.0000 7.8400 
2022 11 1 0 4.5000 72.4900 0.0000 9.5200 185.0026 421.0237 0.8315 0.0000 7.8400 0.0000 0.0000 0.0000 7.8400 
2022 11 2 0 7.9100 71.1700 0.0000 9.5200 185.8311 421.3369 0.8357 0.0000 7.8400 0.0000 0.0000 0.0000 7.8400 
2022 11 3 0 15.3900 86.5000 0.0000 9.5200 187.3060 421.8945 0.8431 0.0000 7.8400 0.0000 0.0000 0.0000 7.8400 
2022 11 4 0 19.8000 72.6700 0.0000 9.5200 189.1619 422.5962 0.8524 0.0000 7.8400 0.0000 0.0000 0.0000 7.8400 
2022 11 5 0 19.1200 47.6500 0.0000 9.5200 190.9590 423.2756 0.8614 0.0000 7.8400 0.0000 0.0000 0.0000 7.8400 
2022 11 6 0 14.4100 35.7500 0.0000 9.5200 192.3492 423.7478 0.8684 0.0000 7.8400 0.0000 0.0000 0.0000 7.8400 
2022 11 7 0 19.9200 43.8300 0.0000 9.5200 194.2154 424.4063 0.8778 0.0000 7.8400 0.0000 0.0000 0.0000 7.8400 
2022 11 8 0 17.2300 51.0900 0.0000 9.5200 195.8492 424.9828 0.8860 0.0000 7.8400 0.0000 0.0000 0.0000 7.8400 
2022 11 9 0 20.7600 42.5700 0.0000 9.5200 197.7880 425.6669 0.8957 0.0000 7.8400 0.0000 0.0000 0.0000 7.8400 
2022 11 10 0 15.9200 27.4000 0.0000 9.5200 199.3087 426.2035 0.9033 0.0000 7.8400 0.0000 0.0000 0.0000 7.8400 
2022 11 11 0 12.7600 2.0000 0.0000 9.5200 200.5563 426.6437 0.9096 0.0000 7.8400 0.0000 0.0000 0.0000 7.8400 
2022 11 12 0 10.2600 2.3700 0.0000 9.5200 201.5879 427.0077 0.9148 0.0000 7.8400 0.0000 0.0000 0.0000 7.8400 
2022 11 13 0 8.3600 29.9300 0.0000 9.5200 202.4554 427.3138 0.9191 0.0000 7.8400 0.0000 0.0000 0.0000 7.8400 
2022 11 14 0 6.8900 53.6800 0.0000 9.5200 203.1958 427.5751 0.9228 0.0000 7.8400 0.0000 0.0000 0.0000 7.8400 
2022 11 15 0 6.0500 53.7500 0.0000 9.5411 203.8655 427.8114 0.9262 0.0000 7.8400 0.0000 0.0000 0.0000 7.8400 
2022 11 16 0 6.5500 27.6900 0.0000 9.7571 204.5971 428.0695 0.9299 0.0000 7.8400 0.0000 0.0000 0.0000 7.8400 
2022 11 17 0 5.7900 48.9100 0.0000 9.9205 205.2771 428.3095 0.9333 0.0000 7.8400 0.0000 0.0000 0.0000 7.8400 
2022 11 18 0 4.7700 113.7000 0.0000 10.0898 205.8836 428.5235 0.9363 0.0000 7.8400 0.0000 0.0000 0.0000 7.8400 
2022 11 19 0 4.0600 167.1000 0.0000 10.2185 206.4399 428.7198 0.9391 0.0000 7.8400 0.0000 0.0000 0.0000 7.8400 
2022 11 20 0 3.5100 162.8400 0.0000 10.3190 206.9573 428.9024 0.9417 0.0000 7.8400 0.0000 0.0000 0.0000 7.8400 
2022 11 21 0 3.0800 209.5500 0.0000 10.3817 207.4431 429.0738 0.9442 0.0000 7.8400 0.0000 0.0000 0.0000 7.8400 
2022 11 22 0 2.7600 174.4300 0.0000 10.4121 207.9037 429.2363 0.9465 0.0000 7.8400 0.0000 0.0000 0.0000 7.8400 
2022 11 23 0 2.7100 149.8400 0.0000 10.4291 208.3616 429.3979 0.9488 0.0000 7.8400 0.0000 0.0000 0.0000 7.8400 
2022 11 24 0 3.7700 172.1800 0.0000 10.4468 208.9125 429.5923 0.9515 0.0000 7.8400 0.0000 0.0000 0.0000 7.8400 
2022 11 25 0 8.4400 200.3300 0.0000 10.5162 209.8730 429.9312 0.9564 0.0000 7.8400 0.0000 0.0000 0.0000 7.8400 
2022 11 26 0 11.5300 196.0200 0.0000 10.6491 211.1119 430.3683 0.9626 0.0000 7.8400 0.0000 0.0000 0.0000 7.8400 
2022 11 27 0 11.5900 146.0400 0.0000 10.8108 212.3699 430.8123 0.9689 0.0000 7.8400 0.0000 0.0000 0.0000 7.8400 
2022 11 28 0 19.2200 195.3000 0.0000 11.0685 214.3095 431.4966 0.9786 0.0000 7.8400 0.0000 0.0000 0.0000 7.8400 
2022 11 29 0 13.0800 362.5600 0.0000 11.2666 215.7357 431.9999 0.9858 0.0000 7.8400 0.0000 0.0000 0.0000 7.8400 
2022 11 30 0 8.5700 364.6000 0.0000 11.3749 216.7815 432.3689 0.9910 0.0000 7.8400 0.0000 0.0000 0.0000 7.8400 
2022 12 1 0 6.3800 349.6500 0.0000 11.4210 217.6421 432.6726 0.9953 0.0000 7.8400 0.0000 0.0000 0.0000 7.8400 
2022 12 2 0 5.2000 324.9900 0.0000 11.4265 218.4013 432.9405 0.9992 0.0000 7.8400 0.0000 0.0000 0.0000 7.8400 
2022 12 3 0 4.4600 268.8200 0.0000 11.4015 219.0832 433.0126 1.0026 0.0000 7.8400 0.0000 0.1288 0.0000 7.9688 
2022 12 4 0 3.9000 271.5000 0.0000 11.3536 219.6993 433.0277 1.0057 0.0000 7.8400 0.0000 0.2834 0.0000 8.1234 
2022 12 5 0 3.4900 290.7800 0.0000 11.2882 220.2621 433.0416 1.0085 0.0000 7.8400 0.0000 0.4246 0.0000 8.2646 
2022 12 6 0 3.4700 346.8000 0.0000 11.2194 220.8054 433.0549 1.0112 0.0000 7.8400 0.0000 0.5609 0.0000 8.4009 
2022 12 7 0 3.3800 334.1100 0.0000 11.1512 221.3238 433.0676 1.0138 0.0000 7.8400 0.0000 0.6910 0.0000 8.5310 
2022 12 8 0 3.6400 399.0300 0.0000 11.0887 221.8479 433.0805 1.0164 0.0000 7.8400 0.0000 0.8225 0.0000 8.6625 
2022 12 9 0 3.9500 418.6900 0.0000 11.0335 222.3825 433.0936 1.0191 0.0000 7.8400 0.0000 0.9567 0.0000 8.7967 
2022 12 10 0 3.9400 362.9800 0.0000 10.9813 222.9004 433.1064 1.0217 0.0000 7.8400 0.0000 1.0866 0.0000 8.9266 
2022 12 11 0 4.2600 338.6100 0.0000 10.9352 223.4305 433.1194 1.0244 0.0000 7.8400 0.0000 1.2197 0.0000 9.0597 
2022 12 12 0 4.3100 446.1100 0.0000 10.8927 223.9500 433.1321 1.0270 0.0000 7.8400 0.0000 1.3500 0.0000 9.1900 
2022 12 13 0 4.1100 458.6300 0.0000 10.8493 224.4379 433.1441 1.0294 0.0000 7.8400 0.0000 1.4725 0.0000 9.3125 
2022 12 14 0 3.9500 451.4100 0.0000 10.8045 224.8981 433.1554 1.0318 0.0000 7.8400 0.0000 1.5879 0.0000 9.4279 
2022 12 15 0 3.5800 396.6100 0.0000 10.7561 225.3132 433.1656 1.0338 0.0000 7.8400 0.0000 1.6921 0.0000 9.5321 
2022 12 16 0 3.1700 413.8400 0.0000 10.7038 225.6803 433.1746 1.0357 0.0000 7.8400 0.0000 1.7842 0.0000 9.6242 
2022 12 17 0 3.0500 254.6500 0.0000 10.6506 226.0251 433.1831 1.0374 0.0000 7.8400 0.0000 1.8707 0.0000 9.7107 
2022 12 18 0 3.0300 206.4000 0.0000 10.5994 226.3564 433.1912 1.0391 0.0000 7.8400 0.0000 1.9539 0.0000 9.7939 
2022 12 19 0 2.8800 211.4800 0.0000 10.5502 226.6640 433.1988 1.0406 0.0000 7.8400 0.0000 2.0311 0.0000 9.8711 
2022 12 20 0 2.7600 205.2500 0.0000 10.5057 226.9510 433.2058 1.0421 0.0000 7.8400 0.0000 2.1031 0.0000 9.9431 
2022 12 21 0 2.2200 223.3000 0.0000 10.4732 227.1836 433.2116 1.0432 0.0000 7.8400 0.0000 2.1614 0.0000 10.0014 
2022 12 22 0 2.0600 201.9700 0.0000 10.4443 227.3953 433.2168 1.0443 0.0000 7.8400 0.0000 2.2146 0.0000 10.0546 
2022 12 23 0 1.8600 193.2900 0.0000 10.4061 227.5823 433.2214 1.0452 0.0000 7.8400 0.0000 2.2615 0.0000 10.1015 
2022 12 24 0 1.6400 142.3700 0.0000 10.3569 227.7426 433.2253 1.0460 0.0000 7.8400 0.0000 2.3017 0.0000 10.1417 
2022 12 25 0 1.6400 129.4400 0.0000 10.3035 227.8949 433.2290 1.0468 0.0000 7.8400 0.0000 2.3400 0.0000 10.1800 
2022 12 26 0 3.0400 111.7200 0.0000 10.2771 228.1602 433.2355 1.0481 0.0000 7.8400 0.0000 2.4065 0.0000 10.2465 
2022 12 27 0 3.4000 141.3500 0.0000 10.2562 228.4486 433.2426 1.0496 0.0000 7.8400 0.0000 2.4789 0.0000 10.3189 
2022 12 28 0 2.8300 122.1300 0.0000 10.2249 228.6800 433.2483 1.0507 0.0000 7.8400 0.0000 2.5369 0.0000 10.3769 
2022 12 29 0 2.5300 96.2800 0.0000 10.1886 228.8780 433.2532 1.0517 0.0000 7.8400 0.0000 2.5866 0.0000 10.4266 
2022 12 30 0 2.4100 100.4100 0.0000 10.1501 229.0584 433.2576 1.0526 0.0000 7.8400 0.0000 2.6319 0.0000 10.4719 
2022 12 31 0 3.9900 116.2200 0.0000 10.1308 229.3670 433.2652 1.0542 0.0000 7.8400 0.0000 2.7093 0.0000 10.5493 
2023 1 1 0 3.1100 112.5700 0.0000 10.1059 229.5925 433.2707 1.0553 0.0000 7.8400 0.0000 2.7659 0.0000 10.6059 
2023 1 2 0 2.6300 149.2600 0.0000 10.0730 229.7698 433.2751 1.0562 0.0000 7.8400 0.0000 2.8104 0.0000 10.6504 
2023 1 3 0 2.3400 154.5400 0.0000 10.0353 229.9157 433.2787 1.0569 0.0000 7.8400 0.0000 2.8470 0.0000 10.6870 
2023 1 4 0 2.1900 114.6400 0.0000 9.9957 230.0424 433.2818 1.0576 0.0000 7.8400 0.0000 2.8788 0.0000 10.7188 
2023 1 5 0 2.1200 144.1600 0.0000 9.9607 230.1576 433.2846 1.0582 0.0000 7.8400 0.0000 2.9077 0.0000 10.7477 
2023 1 6 0 2.0500 126.0400 0.0000 9.9250 230.2614 433.2872 1.0587 0.0000 7.8400 0.0000 2.9338 0.0000 10.7738 
2023 1 7 0 2.2700 102.5400 0.0000 9.9513 230.3838 433.2902 1.0593 0.0000 7.8400 0.0000 2.9645 0.0000 10.8045 
2023 1 8 0 7.2600 75.8000 0.0000 9.8498 230.9170 433.3033 1.0620 0.0000 7.8400 0.0000 3.0983 0.0000 10.9383 
2023 1 9 0 11.5000 133.2800 0.0000 9.8029 231.7935 433.3248 1.0664 0.0000 7.8400 0.0000 3.3182 0.0000 11.1582 
2023 1 10 0 8.2000 130.4400 0.0000 9.7101 232.3645 433.3388 1.0692 0.0000 7.8400 0.0000 3.4615 0.0000 11.3015 
2023 1 11 0 6.5900 96.6800 0.0000 9.5734 232.7757 433.3489 1.0713 0.0000 7.8400 0.0000 3.5647 0.0000 11.4047 
2023 1 12 0 5.6100 89.9500 0.0000 9.5270 233.0913 433.3567 1.0729 0.0000 7.8400 0.0000 3.6439 0.0000 11.4839 
2023 1 13 0 4.7300 82.8000 0.0000 9.5204 233.3252 433.3624 1.0740 0.0000 7.8400 0.0000 3.7026 0.0000 11.5426 
2023 1 14 0 4.0300 94.7100 0.0000 9.5200 233.4950 433.3666 1.0749 0.0000 7.8400 0.0000 3.7452 0.0000 11.5852 
2023 1 15 0 3.8100 70.7800 0.0000 9.5200 233.6425 433.3702 1.0756 0.0000 7.8400 0.0000 3.7822 0.0000 11.6222 
2023 1 16 0 3.7300 139.7600 0.0000 9.5200 233.7802 433.3736 1.0763 0.0000 7.8400 0.0000 3.8168 0.0000 11.6568 
2023 1 17 0 3.5100 134.1900 0.0000 9.5200 233.8963 433.3764 1.0769 0.0000 7.8400 0.0000 3.8459 0.0000 11.6859 
2023 1 18 0 3.5700 138.3800 0.0000 9.5200 234.0151 433.3793 1.0775 0.0000 7.8400 0.0000 3.8757 0.0000 11.7157 
2023 1 19 0 3.0300 148.5600 0.0000 9.5200 234.0856 433.3811 1.0779 0.0000 7.8400 0.0000 3.8934 0.0000 11.7334 
2023 1 20 0 2.8400 162.5000 0.0000 9.5200 234.1386 433.3824 1.0781 0.0000 7.8400 0.0000 3.9067 0.0000 11.7467 
2023 1 21 0 2.6700 150.1900 0.0000 9.5200 234.1761 433.3833 1.0783 0.0000 7.8400 0.0000 3.9161 0.0000 11.7561 
2023 1 22 0 2.5200 151.8000 0.0000 9.5200 234.2001 433.3839 1.0784 0.0000 7.8400 0.0000 3.9221 0.0000 11.7621 
2023 1 23 0 2.6500 197.7300 0.0000 9.5200 234.2346 433.3847 1.0786 0.0000 7.8400 0.0000 3.9308 0.0000 11.7708 
2023 1 24 0 2.4800 184.5400 0.0000 9.5200 234.2540 433.3852 1.0787 0.0000 7.8400 0.0000 3.9357 0.0000 11.7757 
2023 1 25 0 2.6300 137.5700 0.0000 9.5200 234.2856 433.3860 1.0789 0.0000 7.8400 0.0000 3.9436 0.0000 11.7836 
2023 1 26 0 3.1700 132.3800 0.0000 9.5200 234.3623 433.3879 1.0793 0.0000 7.8400 0.0000 3.9628 0.0000 11.8028 
2023 1 27 0 2.9800 154.0500 0.0000 6.1286 234.4411 433.3898 1.0796 0.0000 4.2140 0.0000 3.9826 0.0000 8.1966 
2023 1 28 0 2.7600 116.8100 0.0000 1.2622 234.4444 433.3899 1.0797 0.0000 0.0000 0.0000 3.9834 0.0000 3.9834 
2023 1 29 0 2.5400 102.3700 0.0000 0.1032 234.3311 433.3871 1.0791 0.0000 0.0000 0.0000 3.9550 0.0000 3.9550 
2023 1 30 0 2.8600 90.0000 0.0000 0.0030 234.2387 433.3848 1.0786 0.0000 0.0000 0.0000 3.9318 0.0000 3.9318 
2023 1 31 0 2.6800 105.1200 0.0000 0.0000 234.1329 433.3822 1.0781 0.0000 0.0000 0.0000 3.9053 0.0000 3.9053 
2023 2 1 0 2.4300 103.8300 0.0000 0.0000 234.0081 433.3792 1.0775 0.0000 0.0000 0.0000 3.8740 0.0000 3.8740 
2023 2 2 0 2.9800 145.2800 0.0000 0.0000 233.9325 433.3773 1.0771 0.0000 0.0000 0.0000 3.8550 0.0000 3.8550 
2023 2 3 0 2.5900 113.1000 0.0000 0.0000 233.8255 433.3747 1.0766 0.0000 0.0000 0.0000 3.8281 0.0000 3.8281 
2023 2 4 0 2.1600 138.8200 0.0000 0.0000 233.6845 433.3712 1.0758 0.0000 0.0000 0.0000 3.7927 0.0000 3.7927 
2023 2 5 0 2.0400 122.8300 0.0000 0.0000 233.5363 433.3676 1.0751 0.0000 0.0000 0.0000 3.7556 0.0000 3.7556 
2023 2 6 0 1.9100 161.3800 0.0000 0.0000 233.3802 433.3638 1.0743 0.0000 0.0000 0.0000 3.7164 0.0000 3.7164 
2023 2 7 0 1.7700 132.4500 0.0000 0.0000 233.2156 433.3597 1.0735 0.0000 0.0000 0.0000 3.6751 0.0000 3.6751 
2023 2 8 0 1.7000 120.3300 0.0000 0.0000 233.0486 433.3556 1.0727 0.0000 0.0000 0.0000 3.6332 0.0000 3.6332 
2023 2 9 0 2.0100 98.3400 0.0000 0.0000 232.9113 433.3522 1.0720 0.0000 0.0000 0.0000 3.5987 0.0000 3.5987 
2023 2 10 0 2.1700 97.5400 0.0000 0.0000 232.7905 433.3493 1.0714 0.0000 0.0000 0.0000 3.5684 0.0000 3.5684 
2023 2 11 0 2.3600 94.6300 0.0000 0.0000 232.6883 433.3468 1.0708 0.0000 0.0000 0.0000 3.5428 0.0000 3.5428 
2023 2 12 0 2.5400 111.6200 0.0000 0.0000 232.6035 433.3447 1.0704 0.0000 0.0000 0.0000 3.5215 0.0000 3.5215 
2023 2 13 0 2.5300 115.7800 0.0000 0.0000 232.5196 433.3426 1.0700 0.0000 0.0000 0.0000 3.5004 0.0000 3.5004 
2023 2 14 0 2.5100 140.8300 0.0000 0.0000 232.4359 433.3406 1.0696 0.0000 0.0000 0.0000 3.4794 0.0000 3.4794 
2023 2 15 0 2.0900 122.5300 0.0000 0.0000 232.3184 433.3377 1.0690 0.0000 0.0000 0.0000 3.4499 0.0000 3.4499 
2023 2 16 0 1.9100 120.9800 0.0000 0.0000 232.1881 433.3345 1.0683 0.0000 0.0000 0.0000 3.4173 0.0000 3.4173 
2023 2 17 0 2.2800 92.1200 0.0000 0.0000 232.0920 433.3321 1.0679 0.0000 0.0000 0.0000 3.3931 0.0000 3.3931 
2023 2 18 0 2.4800 97.8800 0.0000 0.0000 232.0148 433.3302 1.0675 0.0000 0.0000 0.0000 3.3738 0.0000 3.3738 
2023 2 19 0 2.6000 107.6300 0.0000 0.0000 231.9493 433.3286 1.0671 0.0000 0.0000 0.0000 3.3573 0.0000 3.3573 
2023 2 20 0 2.8000 77.5600 0.0000 0.0000 231.9022 433.3275 1.0669 0.0000 0.0000 0.0000 3.3455 0.0000 3.3455 
2023 2 21 0 3.0100 106.7100 0.0000 0.0000 231.8738 433.3268 1.0668 0.0000 0.0000 0.0000 3.3384 0.0000 3.3384 
2023 2 22 0 2.5800 118.3800 0.0000 0.0000 231.8097 433.3252 1.0664 0.0000 0.0000 0.0000 3.3223 0.0000 3.3223 
2023 2 23 0 2.5400 116.1600 0.0000 0.0000 231.7435 433.3236 1.0661 0.0000 0.0000 0.0000 3.3057 0.0000 3.3057 
2023 2 24 0 2.2400 103.8000 0.0000 0.0000 231.6534 433.3213 1.0657 0.0000 0.0000 0.0000 3.2831 0.0000 3.2831 
2023 2 25 0 2.4500 97.6000 0.0000 0.0000 231.5829 433.3196 1.0653 0.0000 0.0000 0.0000 3.2654 0.0000 3.2654 
2023 2 26 0 2.5300 111.9200 0.0000 0.1284 231.5316 433.3183 1.0650 0.0000 0.0000 0.0000 3.2525 0.0000 3.2525 
2023 2 27 0 2.2800 124.5700 0.0000 0.3014 231.4749 433.3170 1.0648 0.0000 0.0000 0.0000 3.2383 0.0000 3.2383 
2023 2 28 0 2.0800 124.0900 0.0000 0.4678 231.4165 433.3155 1.0645 0.0000 0.0000 0.0000 3.2236 0.0000 3.2236 
2023 3 1 0 2.1000 130.8400 0.0000 0.4095 231.3561 433.3140 1.0642 0.0000 0.0000 0.0000 3.2085 0.0000 3.2085 
2023 3 2 0 2.0200 120.4000 0.0000 0.4553 231.2941 433.3125 1.0639 0.0000 0.0000 0.0000 3.1929 0.0000 3.1929 
2023 3 3 0 1.7800 115.5800 0.0000 0.5335 231.2197 433.3107 1.0635 0.0000 0.0000 0.0000 3.1743 0.0000 3.1743 
2023 3 4 0 1.7700 112.2200 0.0000 0.6555 231.1564 433.3091 1.0632 0.0000 0.0000 0.0000 3.1584 0.0000 3.1584 
2023 3 5 0 2.0000 129.9600 0.0000 0.8255 231.1282 433.3084 1.0630 0.0000 0.0000 0.0000 3.1513 0.0000 3.1513 
2023 3 6 0 1.4500 153.1300 0.0000 0.9870 231.0678 433.3070 1.0627 0.0000 0.0000 0.0000 3.1361 0.0000 3.1361 
2023 3 7 0 0.9800 116.0800 0.0000 1.1313 230.9812 433.3048 1.0623 0.0000 0.0000 0.0000 3.1144 0.0000 3.1144 
2023 3 8 0 1.1200 150.8300 0.0000 1.2681 230.9197 433.3033 1.0620 0.0000 0.0000 0.0000 3.0990 0.0000 3.0990 
2023 3 9 0 0.9300 138.5100 0.0000 1.3971 230.8545 433.3017 1.0616 0.0000 0.0000 0.0000 3.0826 0.0000 3.0826 
2023 3 10 0 0.8700 127.3700 0.0000 1.5191 230.7958 433.3003 1.0614 0.0000 0.0000 0.0000 3.0679 0.0000 3.0679 
2023 3 11 0 0.8200 110.5300 0.0000 1.6350 230.7440 433.2990 1.0611 0.0000 0.0000 0.0000 3.0549 0.0000 3.0549 
2023 3 12 0 0.8100 106.8200 0.0000 1.7462 230.7018 433.2980 1.0609 0.0000 0.0000 0.0000 3.0443 0.0000 3.0443 
2023 3 13 0 0.8600 94.6800 0.0000 1.8534 230.6738 433.2973 1.0607 0.0000 0.0000 0.0000 3.0373 0.0000 3.0373 
2023 3 14 0 0.9200 102.8300 0.0000 1.9571 230.6603 433.2969 1.0607 0.0000 0.0000 0.0000 3.0339 0.0000 3.0339 
2023 3 15 0 0.8800 121.6400 0.0000 2.0559 230.6520 433.2967 1.0606 0.0000 0.0000 0.0000 3.0318 0.0000 3.0318 
2023 3 16 0 0.8200 112.8100 0.0000 2.1497 230.6468 433.2966 1.0606 0.0000 0.0000 0.0000 3.0305 0.0000 3.0305 
2023 3 17 0 1.0000 104.1500 0.0000 2.2415 230.6646 433.2971 1.0607 0.0000 0.0000 0.0000 3.0350 0.0000 3.0350 
2023 3 18 0 1.2000 109.0000 0.0000 2.3331 230.7067 433.2981 1.0609 0.0000 0.0000 0.0000 3.0455 0.0000 3.0455 
2023 3 19 0 1.3600 110.0900 0.0000 2.4230 230.7691 433.2996 1.0612 0.0000 0.0000 0.0000 3.0612 0.0000 3.0612 
2023 3 20 0 1.5400 116.7600 0.0000 2.5119 230.8529 433.3017 1.0616 0.0000 0.0000 0.0000 3.0822 0.0000 3.0822 
2023 3 21 0 1.6000 111.3100 0.0000 2.5985 230.9473 433.3040 1.0621 0.0000 0.0000 0.0000 3.1059 0.0000 3.1059 
2023 3 22 0 1.6300 92.3600 0.0000 2.6822 231.0493 433.3065 1.0626 0.0000 0.0000 0.0000 3.1315 0.0000 3.1315 
2023 3 23 0 1.8900 86.1100 0.0000 2.7661 231.1782 433.3097 1.0633 0.0000 0.0000 0.0000 3.1638 0.0000 3.1638 
2023 3 24 0 2.5300 83.8300 0.0000 2.8552 231.3661 433.3143 1.0642 0.0000 0.0000 0.0000 3.2110 0.0000 3.2110 
2023 3 25 0 3.1300 73.3600 0.0000 2.9505 231.6088 433.3202 1.0654 0.0000 0.0000 0.0000 3.2719 0.0000 3.2719 
2023 3 26 0 3.1500 92.4600 0.0000 3.0453 231.8560 433.3263 1.0667 0.0000 0.0000 0.0000 3.3339 0.0000 3.3339 
2023 3 27 0 3.2200 100.9400 0.0000 3.1383 232.1117 433.3326 1.0680 0.0000 0.0000 0.0000 3.3981 0.0000 3.3981 
2023 3 28 0 2.8500 123.8500 0.0000 3.2252 232.3381 433.3382 1.0691 0.0000 0.0000 0.0000 3.4549 0.0000 3.4549 
2023 3 29 0 1.9300 127.0200 0.0000 3.2983 232.4881 433.3418 1.0698 0.0000 0.0000 0.0000 3.4925 0.0000 3.4925 
2023 3 30 0 1.7200 103.7800 0.0000 3.3632 232.6226 433.3451 1.0705 0.0000 0.0000 0.0000 3.5263 0.0000 3.5263 
2023 3 31 0 1.6600 111.8200 0.0000 3.4070 232.7529 433.3483 1.0712 0.0000 0.0000 0.0000 3.5590 0.0000 3.5590 
2023 4 1 0 2.0000 97.9300 0.0000 3.4108 232.9095 433.3522 1.0720 0.0000 0.0000 0.0000 3.5983 0.0000 3.5983 
2023 4 2 0 2.1500 105.1000 0.0000 3.3879 233.0735 433.3562 1.0728 0.0000 0.0000 0.0000 3.6394 0.0000 3.6394 
2023 4 3 0 2.0200 126.4800 0.0000 3.3371 233.2188 433.3598 1.0735 0.0000 0.0000 0.0000 3.6759 0.0000 3.6759 
2023 4 4 0 1.5500 133.1300 0.0000 3.2625 233.3149 433.3621 1.0740 0.0000 0.0000 0.0000 3.7000 0.0000 3.7000 
2023 4 5 0 1.6200 130.9100 0.0000 3.1808 233.4080 433.3644 1.0745 0.0000 0.0000 0.0000 3.7234 0.0000 3.7234 
2023 4 6 0 1.3600 125.8900 0.0000 3.0958 233.4699 433.3660 1.0748 0.0000 0.0000 0.0000 3.7389 0.0000 3.7389 
2023 4 7 0 1.2700 117.9200 0.0000 3.0088 233.5156 433.3671 1.0750 0.0000 0.0000 0.0000 3.7504 0.0000 3.7504 
2023 4 8 0 1.3300 120.6500 0.0000 2.9228 233.5581 433.3681 1.0752 0.0000 0.0000 0.0000 3.7610 0.0000 3.7610 
2023 4 9 0 1.4700 110.2100 0.0000 2.8398 233.6045 433.3693 1.0754 0.0000 0.0000 0.0000 3.7727 0.0000 3.7727 
2023 4 10 0 1.6700 54.3700 0.0000 2.7621 233.6603 433.3706 1.0757 0.0000 0.0000 0.0000 3.7867 0.0000 3.7867 
2023 4 11 0 8.3500 84.4600 0.0000 3.4042 234.2760 433.3858 1.0788 0.0000 0.6860 0.0000 3.9412 0.0000 4.6272 
2023 4 12 0 7.4700 111.9800 0.0000 10.2246 234.7761 433.3980 1.0813 0.0000 7.8400 0.0000 4.0667 0.0000 11.9067 
2023 4 13 0 7.4800 107.2100 0.0000 12.0184 235.4181 433.4138 1.0845 0.0000 7.8400 0.0000 4.2278 0.0000 12.0678 
2023 4 14 0 8.9300 118.9300 0.0000 12.1594 236.1810 433.4325 1.0884 0.0000 7.8400 0.0000 4.4192 0.0000 12.2592 
2023 4 15 0 8.6500 111.6600 0.0000 12.1415 236.9026 433.4503 1.0920 0.0000 7.8400 0.0000 4.6003 0.0000 12.4403 
2023 4 16 0 8.6700 115.1500 0.0000 12.1192 237.6086 433.4676 1.0955 0.0000 7.8400 0.0000 4.7775 0.0000 12.6175 
2023 4 17 0 9.1800 125.4800 0.0000 12.1042 238.3415 433.4856 1.0992 0.0000 7.8400 0.0000 4.9614 0.0000 12.8014 
2023 4 18 0 9.7300 114.7600 0.0000 12.0986 239.1049 433.5044 1.1031 0.0000 7.8400 0.0000 5.1529 0.0000 12.9929 
2023 4 19 0 10.0800 108.7500 0.0000 12.1014 239.8820 433.5234 1.1070 0.0000 7.8400 0.0000 5.3479 0.0000 13.1879 
2023 4 20 0 10.8000 111.1600 0.0000 12.1179 240.7048 433.5437 1.1111 0.0000 7.8400 0.0000 5.5544 0.0000 13.3944 
2023 4 21 0 11.7400 107.9900 0.0000 12.1539 241.5927 433.5655 1.1155 0.0000 7.8400 0.0000 5.7772 0.0000 13.6172 
2023 4 22 0 12.8800 98.4000 0.0000 12.2121 242.5631 433.5893 1.1204 0.0000 7.8400 0.0000 6.0207 0.0000 13.8607 
2023 4 23 0 17.6000 97.8600 0.0000 12.3275 243.9218 433.6227 1.1272 0.0000 7.8400 0.0000 6.3617 0.0000 14.2017 
2023 4 24 0 18.2000 116.5300 0.0000 12.4582 245.3135 433.6568 1.1342 0.0000 7.8400 0.0000 6.7109 0.0000 14.5509 
2023 4 25 0 16.6200 104.4700 0.0000 12.5649 246.5511 433.6872 1.1404 0.0000 7.8400 0.0000 7.0214 0.0000 14.8614 
2023 4 26 0 14.2700 114.3700 0.0000 12.6315 247.5692 433.7122 1.1455 0.0000 7.8400 0.0000 7.2769 0.0000 15.1169 
2023 4 27 0 11.6200 123.3800 0.0000 12.6536 248.3436 433.7313 1.1494 0.0000 7.8400 0.0000 7.4712 0.0000 15.3112 
2023 4 28 0 9.9200 121.7100 0.0000 12.6442 248.9569 433.7463 1.1525 0.0000 7.8400 0.0000 7.6251 0.0000 15.4651 
2023 4 29 0 8.7300 112.7000 0.0000 12.6153 249.4542 433.7585 1.1550 0.0000 7.8400 0.0000 7.7499 0.0000 15.5899 
2023 4 30 0 8.0800 99.7900 0.0000 12.5753 249.8826 433.7691 1.1571 0.0000 7.8400 0.0000 7.8574 0.0000 15.6974 
2023 5 1 0 7.7400 106.3400 0.0000 12.5305 250.2693 433.7786 1.1591 0.0000 7.8400 0.0000 7.9545 0.0000 15.7945 
2023 5 2 0 7.8000 121.7900 0.0000 12.4882 250.6493 433.7879 1.1610 0.0000 7.8400 0.0000 8.0498 0.0000 15.8898 
2023 5 3 0 8.0900 118.1800 0.0000 12.4528 251.0428 433.7976 1.1630 0.0000 7.8400 0.0000 8.1486 0.0000 15.9886 
2023 5 4 0 8.2700 112.1600 0.0000 12.4224 251.4406 433.8073 1.1650 0.0000 7.8400 0.0000 8.2484 0.0000 16.0884 
2023 5 5 0 7.5600 97.5700 0.0000 12.3861 251.7668 433.8153 1.1666 0.0000 7.8400 0.0000 8.3302 0.0000 16.1702 
2023 5 6 0 6.9700 94.9300 0.0000 12.3409 252.0324 433.8219 1.1679 0.0000 7.8400 0.0000 8.3969 0.0000 16.2369 
2023 5 7 0 7.4000 88.0500 0.0000 12.2966 252.3250 433.8291 1.1694 0.0000 7.8400 0.0000 8.4703 0.0000 16.3103 
2023 5 8 0 8.5300 102.0400 0.0000 12.2665 252.7044 433.8384 1.1713 0.0000 7.8400 0.0000 8.5655 0.0000 16.4055 
2023 5 9 0 12.0600 96.1600 0.0000 12.2843 253.3757 433.8549 1.1747 0.0000 7.8400 0.0000 8.7340 0.0000 16.5740 
2023 5 10 0 20.8000 94.0200 0.0000 12.4330 254.7845 433.8895 1.1817 0.0000 7.8400 0.0000 9.0875 0.0000 16.9275 
2023 5 11 0 22.7500 101.3600 0.0000 7.5016 256.3837 433.9287 1.1898 0.0000 2.2540 0.0000 9.4888 0.0000 11.7428 
2023 5 12 0 22.9000 91.5000 0.0000 4.3728 257.8876 433.9657 1.1973 0.0000 0.0000 0.0000 9.8662 0.0000 9.8662 
2023 5 13 0 23.9100 74.6100 0.0000 4.1510 259.2519 433.9992 1.2042 0.0000 0.0000 0.0000 12.2704 0.0000 12.2704 
2023 5 14 0 23.4900 72.7500 0.0000 4.6179 260.3590 434.0264 1.2097 0.0000 0.0000 0.0000 15.2951 0.0000 15.2951 
2023 5 15 0 23.1100 94.8900 0.0000 5.2005 261.2687 434.0487 1.2143 0.0000 0.0000 0.0000 17.7809 0.0000 17.7809 
2023 5 16 0 22.3800 63.0700 0.0000 5.8707 262.0006 434.0667 1.2179 0.0000 0.0000 0.0000 19.7805 0.0000 19.7805 
2023 5 17 0 20.6100 54.3000 0.0000 6.5237 262.5145 434.0793 1.2205 0.0000 0.0000 0.0000 21.1849 0.0000 21.1849 
2023 5 18 0 17.5500 88.1100 0.0000 7.0938 262.7563 434.0853 1.2217 0.0000 0.0000 0.0000 21.8455 0.0000 21.8455 
2023 5 19 0 15.8600 92.9400 0.0000 7.5897 262.8684 434.0880 1.2223 0.0000 0.0000 0.0000 22.1518 0.0000 22.1518 
2023 5 20 0 16.0900 52.6300 0.0000 8.0477 263.0072 434.0914 1.2230 0.0000 0.0000 0.0000 22.5311 0.0000 22.5311 
2023 5 21 0 15.8900 37.1300 0.0000 8.4677 263.1349 434.0946 1.2236 0.0000 0.0000 0.0000 22.8800 0.0000 22.8800 
2023 5 22 0 16.3600 84.4700 0.0000 8.8568 263.2983 434.0986 1.2245 0.0000 0.0000 0.0000 23.3263 0.0000 23.3263 
2023 5 23 0 22.1100 63.0000 0.0000 9.3006 263.8634 434.1124 1.2273 0.0000 0.0000 0.0000 24.8703 0.0000 24.8703 
2023 5 24 0 20.3000 82.4800 0.0000 9.7419 264.2248 434.1213 1.2291 0.0000 0.0000 0.0000 25.8580 0.0000 25.8580 
2023 5 25 0 18.1400 57.6600 0.0000 10.1400 264.3941 434.1255 1.2300 0.0000 0.0000 0.0000 26.3206 0.0000 26.3206 
2023 5 26 0 15.6500 61.9200 0.0000 10.4986 264.3821 434.1252 1.2299 0.0000 0.0000 0.0000 26.2877 0.0000 26.2877 
2023 5 27 0 13.4700 61.7400 0.0000 10.8054 264.2415 434.1217 1.2292 0.0000 0.0000 0.0000 25.9034 0.0000 25.9034 
2023 5 28 0 11.7600 48.1500 0.0000 11.0415 264.0246 434.1164 1.2281 0.0000 0.0000 0.0000 25.3110 0.0000 25.3110 
2023 5 29 0 10.1200 41.9900 0.0000 11.1958 263.7454 434.1096 1.2267 0.0000 0.0000 0.0000 24.5480 0.0000 24.5480 
2023 5 30 0 8.7000 85.7800 0.0000 11.2803 263.4261 434.1017 1.2251 0.0000 0.0000 0.0000 23.6756 0.0000 23.6756 
2023 5 31 0 7.6900 60.1500 0.0000 11.3076 263.0991 434.0937 1.2235 0.0000 0.0000 0.0000 22.7822 0.0000 22.7822 
2023 6 1 0 6.9000 67.1300 0.0000 11.2870 262.7779 434.0858 1.2218 0.0000 0.0000 0.0000 21.9046 0.0000 21.9046 
2023 6 2 0 6.0900 80.9600 0.0000 11.2214 262.4569 434.0779 1.2202 0.0000 0.0000 0.0000 21.0273 0.0000 21.0273 
2023 6 3 0 5.3100 62.3200 0.0000 11.1151 262.1352 434.0700 1.2186 0.0000 0.0000 0.0000 20.1484 0.0000 20.1484 
2023 6 4 0 4.6300 61.2100 0.0000 10.9755 261.8176 434.0622 1.2170 0.0000 0.0000 0.0000 19.2807 0.0000 19.2807 
2023 6 5 0 4.1000 87.8500 0.0000 10.8088 261.5121 434.0547 1.2155 0.0000 0.0000 0.0000 18.4458 0.0000 18.4458 
2023 6 6 0 3.6100 90.1800 0.0000 10.6187 261.2173 434.0475 1.2140 0.0000 0.0000 0.0000 17.6404 0.0000 17.6404 
2023 6 7 0 3.1600 96.7800 0.0000 10.4086 260.9327 434.0405 1.2126 0.0000 0.0000 0.0000 16.8627 0.0000 16.8627 
2023 6 8 0 2.7600 89.0900 0.0000 10.1821 260.6586 434.0337 1.2112 0.0000 0.0000 0.0000 16.1139 0.0000 16.1139 
2023 6 9 0 2.3700 88.9200 0.0000 9.9421 260.3929 434.0272 1.2099 0.0000 0.0000 0.0000 15.3878 0.0000 15.3878 
2023 6 10 0 2.0500 61.8300 0.0000 9.6912 260.1380 434.0210 1.2086 0.0000 0.0000 0.0000 14.6914 0.0000 14.6914 
2023 6 11 0 1.7700 47.6500 0.0000 9.4325 259.8941 434.0150 1.2074 0.0000 0.0000 0.0000 14.0250 0.0000 14.0250 
2023 6 12 0 1.5200 88.7900 0.0000 9.1682 259.6609 434.0092 1.2062 0.0000 0.0000 0.0000 13.3877 0.0000 13.3877 
2023 6 13 0 1.3100 99.0700 0.0000 8.9009 259.4388 434.0038 1.2051 0.0000 0.0000 0.0000 12.7810 0.0000 12.7810 
2023 6 14 0 1.1500 105.6600 0.0000 8.6321 259.2292 433.9986 1.2040 0.0000 0.0000 0.0000 12.2083 0.0000 12.2083 
2023 6 15 0 1.0200 116.5000 0.0000 8.3639 259.0318 433.9938 1.2031 0.0000 0.0000 0.0000 11.6688 0.0000 11.6688 
2023 6 16 0 0.9400 123.1200 0.0000 8.0983 258.8479 433.9893 1.2021 0.0000 0.0000 0.0000 11.1664 0.0000 11.1664 
2023 6 17 0 0.8800 107.5100 0.0000 7.8362 258.6766 433.9851 1.2013 0.0000 0.0000 0.0000 10.6985 0.0000 10.6985 
2023 6 18 0 0.8300 102.7200 0.0000 7.5786 258.5166 433.9811 1.2005 0.0000 0.0000 0.0000 10.2612 0.0000 10.2612 
2023 6 19 0 0.7800 116.7200 0.0000 7.3263 258.3544 433.9771 1.1997 0.0000 0.0000 0.0000 9.9833 0.0000 9.9833 
2023 6 20 0 0.7500 131.3100 0.0000 7.0809 258.1724 433.9727 1.1987 0.0000 0.0000 0.0000 9.9376 0.0000 9.9376 
2023 6 21 0 0.7300 131.9100 0.0000 6.8452 257.9726 433.9678 1.1977 0.0000 0.0000 0.0000 9.8875 0.0000 9.8875 
2023 6 22 0 0.6900 129.3300 0.0000 6.6359 257.7560 433.9624 1.1966 0.0000 0.0000 0.0000 9.8331 0.0000 9.8331 
2023 6 23 0 0.6400 112.7300 0.0000 6.4374 257.5229 433.9567 1.1955 0.0000 0.0000 0.0000 9.7746 0.0000 9.7746 
2023 6 24 0 0.5900 91.6000 0.0000 6.2426 257.2741 433.9506 1.1942 0.0000 0.0000 0.0000 9.7122 0.0000 9.7122 
2023 6 25 0 0.5500 78.9200 0.0000 6.0503 257.0110 433.9441 1.1929 0.0000 0.0000 0.0000 9.6462 0.0000 9.6462 
2023 6 26 0 0.6400 97.3600 0.0000 5.8617 256.7451 433.9376 1.1916 0.0000 0.0000 0.0000 9.5794 0.0000 9.5794 
2023 6 27 0 0.7400 97.1000 0.0000 5.6785 256.4778 433.9311 1.1902 0.0000 0.0000 0.0000 9.5124 0.0000 9.5124 
2023 6 28 0 0.6600 110.3800 0.0000 5.4999 256.1942 433.9241 1.1888 0.0000 0.0000 0.0000 9.4412 0.0000 9.4412 
2023 6 29 0 0.6600 115.5800 0.0000 5.3260 255.9021 433.9169 1.1873 0.0000 0.0000 0.0000 9.3679 0.0000 9.3679 
2023 6 30 0 0.8700 106.1600 0.0000 5.1591 255.6197 433.9100 1.1859 0.0000 0.0000 0.0000 9.2971 0.0000 9.2971 
2023 7 1 0 0.8500 61.0800 0.0000 4.9970 255.3279 433.9028 1.1845 0.0000 0.0000 0.0000 9.2238 0.0000 9.2238 
2023 7 2 0 0.9700 15.9100 0.0000 4.8409 255.0393 433.8957 1.1830 0.0000 0.0000 0.0000 9.1514 0.0000 9.1514 
2023 7 3 0 0.9700 50.3200 0.0000 4.6898 254.7440 433.8885 1.1815 0.0000 0.0000 0.0000 9.0773 0.0000 9.0773 
2023 7 4 0 1.2800 83.2500 0.0000 4.5480 254.4693 433.8817 1.1802 0.0000 0.0000 0.0000 9.0084 0.0000 9.0084 
2023 7 5 0 1.2700 80.5300 0.0000 4.4123 254.1880 433.8748 1.1787 0.0000 0.0000 0.0000 8.9378 0.0000 8.9378 
2023 7 6 0 1.4200 96.7500 0.0000 4.2842 253.9145 433.8681 1.1774 0.0000 0.0000 0.0000 8.8692 0.0000 8.8692 
2023 7 7 0 1.3100 101.0400 0.0000 4.1644 253.6274 433.8610 1.1759 0.0000 0.0000 0.0000 8.7971 0.0000 8.7971 
2023 7 8 0 1.0700 87.4600 0.0000 4.0584 253.3172 433.8534 1.1744 0.0000 0.0000 0.0000 8.7193 0.0000 8.7193 
2023 7 9 0 0.9700 94.0500 0.0000 3.9635 252.9970 433.8456 1.1728 0.0000 0.0000 0.0000 8.6389 0.0000 8.6389 
2023 7 10 0 1.0200 98.2100 0.0000 3.8752 252.6804 433.8378 1.1712 0.0000 0.0000 0.0000 8.5595 0.0000 8.5595 
2023 7 11 0 1.5700 89.8900 0.0000 3.7962 252.4104 433.8312 1.1698 0.0000 0.0000 0.0000 8.4917 0.0000 8.4917 
2023 7 12 0 2.6200 76.6900 0.0000 3.7361 252.2298 433.8267 1.1689 0.0000 0.0000 0.0000 8.4464 0.0000 8.4464 
2023 7 13 0 2.3300 83.4900 0.0000 3.6784 252.0236 433.8217 1.1679 0.0000 0.0000 0.0000 8.3947 0.0000 8.3947 
2023 7 14 0 2.0600 85.4800 0.0000 3.6170 251.7938 433.8160 1.1667 0.0000 0.0000 0.0000 8.3370 0.0000 8.3370 
2023 7 15 0 2.8100 33.3300 0.0000 3.5652 251.6279 433.8119 1.1659 0.0000 0.0000 0.0000 8.2954 0.0000 8.2954 
2023 7 16 0 6.2600 17.8600 0.0000 3.5646 251.7572 433.8151 1.1665 0.0000 0.0000 0.0000 8.3278 0.0000 8.3278 
2023 7 17 0 9.3400 30.5600 0.0000 3.6232 252.1492 433.8247 1.1685 0.0000 0.0000 0.0000 8.4262 0.0000 8.4262 
2023 7 18 0 8.0100 64.7000 0.0000 3.6833 252.4255 433.8315 1.1699 0.0000 0.0000 0.0000 8.4955 0.0000 8.4955 
2023 7 19 0 6.2000 77.7600 0.0000 10.9761 252.4966 433.8333 1.1703 0.0000 7.8400 0.0000 8.5134 0.0000 16.3534 
2023 7 20 0 5.1000 64.6700 0.0000 12.8975 252.6356 433.8367 1.1710 0.0000 7.8400 0.0000 8.5482 0.0000 16.3882 
2023 7 21 0 4.3100 83.1300 0.0000 12.9750 252.7115 433.8385 1.1713 0.0000 7.8400 0.0000 8.5673 0.0000 16.4073 
2023 7 22 0 3.7900 75.6300 0.0000 12.8547 252.7315 433.8390 1.1714 0.0000 7.8400 0.0000 8.5723 0.0000 16.4123 
2023 7 23 0 3.7000 33.2000 0.0000 12.7233 252.7325 433.8391 1.1714 0.0000 7.8400 0.0000 8.5725 0.0000 16.4125 
2023 7 24 0 3.2800 69.9000 0.0000 12.5896 252.6866 433.8379 1.1712 0.0000 7.8400 0.0000 8.5610 0.0000 16.4010 
2023 7 25 0 2.7900 60.2500 0.0000 12.4538 252.5887 433.8355 1.1707 0.0000 7.8400 0.0000 8.5365 0.0000 16.3765 
2023 7 26 0 2.5100 69.5200 0.0000 12.3183 252.4578 433.8323 1.1701 0.0000 7.8400 0.0000 8.5036 0.0000 16.3436 
2023 7 27 0 2.2700 87.3400 0.0000 12.1840 252.2980 433.8284 1.1693 0.0000 7.8400 0.0000 8.4635 0.0000 16.3035 
2023 7 28 0 1.9500 86.7600 0.0000 12.0505 252.1032 433.8236 1.1683 0.0000 7.8400 0.0000 8.4146 0.0000 16.2546 
2023 7 29 0 1.6500 74.6100 0.0000 11.9184 251.8760 433.8180 1.1671 0.0000 7.8400 0.0000 8.3576 0.0000 16.1976 
2023 7 30 0 1.4300 39.5200 0.0000 11.7901 251.6242 433.8118 1.1659 0.0000 7.8400 0.0000 8.2945 0.0000 16.1345 
2023 7 31 0 1.2100 69.3300 0.0000 11.6740 251.3494 433.8051 1.1645 0.0000 7.8400 0.0000 8.2255 0.0000 16.0655 
2023 8 1 0 1.0400 73.8700 0.0000 11.5590 251.0562 433.7979 1.1630 0.0000 7.8400 0.0000 8.1519 0.0000 15.9919 
2023 8 2 0 0.9600 64.7500 0.0000 11.4421 250.7526 433.7904 1.1615 0.0000 7.8400 0.0000 8.0757 0.0000 15.9157 
2023 8 3 0 0.9200 43.5500 0.0000 11.3258 250.4423 433.7828 1.1599 0.0000 7.8400 0.0000 7.9979 0.0000 15.8379 
2023 8 4 0 0.9000 62.1300 0.0000 11.2121 250.1272 433.7751 1.1584 0.0000 7.8400 0.0000 7.9188 0.0000 15.7588 
2023 8 5 0 0.9000 76.9400 0.0000 11.1022 249.8095 433.7673 1.1568 0.0000 7.8400 0.0000 7.8391 0.0000 15.6791 
2023 8 6 0 0.8400 57.5500 0.0000 10.9956 249.4845 433.7593 1.1551 0.0000 7.8400 0.0000 7.7575 0.0000 15.5975 
2023 8 7 0 0.8300 16.8300 0.0000 10.8924 249.1568 433.7512 1.1535 0.0000 7.8400 0.0000 7.6753 0.0000 15.5153 
2023 8 8 0 2.1500 0.0400 0.0000 10.8099 248.9407 433.7459 1.1524 0.0000 7.8400 0.0000 7.6211 0.0000 15.4611 
2023 8 9 0 1.8500 14.7000 0.0000 10.7374 248.6977 433.7400 1.1512 0.0000 7.8400 0.0000 7.5601 0.0000 15.4001 
2023 8 10 0 1.5100 51.2900 0.0000 10.6651 248.4249 433.7333 1.1498 0.0000 7.8400 0.0000 7.4916 0.0000 15.3316 
2023 8 11 0 1.2600 72.3800 0.0000 10.5950 248.1309 433.7260 1.1483 0.0000 7.8400 0.0000 7.4179 0.0000 15.2579 
2023 8 12 0 1.0600 69.7000 0.0000 10.5219 247.8201 433.7184 1.1468 0.0000 7.8400 0.0000 7.3399 0.0000 15.1799 
2023 8 13 0 0.9800 63.1900 0.0000 10.4465 247.5027 433.7106 1.1452 0.0000 7.8400 0.0000 7.2602 0.0000 15.1002 
2023 8 14 0 1.0100 85.9500 0.0000 10.3723 247.1882 433.7029 1.1436 0.0000 7.8400 0.0000 7.1813 0.0000 15.0213 
2023 8 15 0 3.4800 82.7300 0.0000 10.3310 247.0859 433.7004 1.1431 0.0000 7.8400 0.0000 7.1556 0.0000 14.9956 
2023 8 16 0 4.6200 93.5300 0.0000 10.3131 247.0806 433.7002 1.1431 0.0000 7.8400 0.0000 7.1543 0.0000 14.9943 
2023 8 17 0 3.8200 92.9900 0.0000 10.2896 247.0058 433.6984 1.1427 0.0000 7.8400 0.0000 7.1355 0.0000 14.9755 
2023 8 18 0 3.1900 84.3900 0.0000 10.2559 246.8764 433.6952 1.1421 0.0000 7.8400 0.0000 7.1031 0.0000 14.9431 
2023 8 19 0 3.0500 48.8800 0.0000 10.2186 246.7348 433.6918 1.1413 0.0000 7.8400 0.0000 7.0675 0.0000 14.9075 
2023 8 20 0 5.8000 75.6000 0.0000 10.2148 246.8285 433.6941 1.1418 0.0000 7.8400 0.0000 7.0910 0.0000 14.9310 
2023 8 21 0 4.4800 88.4800 0.0000 10.2036 246.8075 433.6935 1.1417 0.0000 7.8400 0.0000 7.0858 0.0000 14.9258 
2023 8 22 0 3.6300 92.0800 0.0000 10.1785 246.7131 433.6912 1.1412 0.0000 7.8400 0.0000 7.0621 0.0000 14.9021 
2023 8 23 0 3.0800 99.5400 0.0000 10.1443 246.5712 433.6877 1.1405 0.0000 7.8400 0.0000 7.0265 0.0000 14.8665 
2023 8 24 0 2.6200 99.6900 0.0000 10.1036 246.3900 433.6833 1.1396 0.0000 7.8400 0.0000 6.9810 0.0000 14.8210 
2023 8 25 0 3.4700 93.1800 0.0000 10.0731 246.2819 433.6806 1.1391 0.0000 7.8400 0.0000 6.9539 0.0000 14.7939 
2023 8 26 0 5.5000 87.9600 0.0000 10.0710 246.3476 433.6822 1.1394 0.0000 7.8400 0.0000 6.9704 0.0000 14.8104 
2023 8 27 0 5.8400 89.4800 0.0000 10.0798 246.4414 433.6845 1.1399 0.0000 7.8400 0.0000 6.9939 0.0000 14.8339 
2023 8 28 0 4.5500 91.8000 0.0000 10.0741 246.4237 433.6841 1.1398 0.0000 7.8400 0.0000 6.9895 0.0000 14.8295 
2023 8 29 0 3.6900 95.0600 0.0000 10.0541 246.3319 433.6819 1.1393 0.0000 7.8400 0.0000 6.9664 0.0000 14.8064 
2023 8 30 0 3.1200 99.5900 0.0000 10.0245 246.1914 433.6784 1.1386 0.0000 7.8400 0.0000 6.9312 0.0000 14.7712 
2023 8 31 0 2.7800 97.2200 0.0000 9.9900 246.0221 433.6743 1.1378 0.0000 7.8400 0.0000 6.8887 0.0000 14.7287 
