POWERSTATION node 1 SVOLETJONN
init_Power = 0.00000
penstock_config = SHARED
headloss_coef = 0.300000
yyyy mm dd hh [m3/s]    [Euro/MWh]  [fr_g0] [m3/s] [m3/s] [m] [m] [MWh] [GWh/Mm3] [Euro] [Euro] [Euro] [Euro] [Euro] [Euro]
yyyy mm dd hh Up_Inflow Price Action_g0 tot_outflow auto_qmin Hnetto Hbrutto Power est_eekv income tot_cost startstopCost adjust_cost cost_aggressive_actions profit
2026 5 7 0 2.6400 24.8800 0.6600 2.6400 0.0000 61.8316 63.9224 1.4159 0.1490  35.2273 1.0000 1.0000 0.0000 0.0000 34.2273
2026 5 7 1 4.0000 25.8500 1.0000 4.0000 0.0000 59.1154 63.9154 1.9590 0.1360  50.6402 0.0000 0.0000 0.0000 0.0000 50.6402
2026 5 7 2 3.6000 28.0000 0.9000 3.6000 0.0000 60.0180 63.9060 1.8785 0.1449  52.5982 0.0000 0.0000 0.0000 0.0000 52.5982
2026 5 7 3 3.2000 23.0000 0.8000 3.2000 0.0000 60.8265 63.8985 1.7042 0.1479  39.1963 0.0000 0.0000 0.0000 0.0000 39.1963
2026 5 7 4 2.9200 35.0000 0.7300 2.9200 0.0000 61.3348 63.8927 1.5681 0.1492  54.8824 0.0000 0.0000 0.0000 0.0000 54.8824
2026 5 7 5 2.1200 39.0000 0.5300 2.1200 0.0000 62.5410 63.8893 1.0894 0.1427  42.4850 0.0000 0.0000 0.0000 0.0000 42.4850
2026 5 7 6 1.0800 45.0000 0.2700 1.0800 0.0000 63.5394 63.8893 0.3446 0.0886  15.5049 0.0000 0.0000 0.0000 0.0000 15.5049
2026 5 7 7 0.6800 26.5600 0.1700 0.6800 0.0000 63.7530 63.8918 0.1388 0.0567  3.6856 0.0000 0.0000 0.0000 0.0000 3.6856
2026 5 7 8 0.2000 52.9300 0.0500 0.2000 0.0000 63.8833 63.8953 0.0120 0.0167  0.6367 0.0000 0.0000 0.0000 0.0000 0.6367
2026 5 7 9 0.0400 10.9400 0.0100 0.0400 0.0000 63.8994 63.8999 0.0005 0.0033  0.0053 1.0000 1.0000 0.0000 0.0000 -0.9947
2026 5 7 10 0.0000 10.0100 0.0000 0.0000 0.0000 63.9050 63.9050 0.0000 0.0000  0.0000 0.0000 0.0000 0.0000 0.0000 0.0000
2026 5 7 11 0.0000 17.9500 0.0000 0.0000 0.0000 63.9077 63.9077 0.0000 0.0000  0.0000 0.0000 0.0000 0.0000 0.0000 0.0000
2026 5 7 12 4.0000 82.5800 1.0000 4.0000 0.0000 59.1003 63.9003 1.9585 0.1360  161.7332 1.0000 1.0000 0.0000 0.0000 160.7332
2026 5 7 13 0.0000 25.5000 0.0000 0.0000 0.0000 63.8928 63.8928 0.0000 0.0000  0.0000 1.0000 1.0000 0.0000 0.0000 -1.0000
2026 5 7 14 4.0000 55.8200 1.0000 4.0000 0.0000 59.0854 63.8854 1.9580 0.1360  109.2960 1.0000 1.0000 0.0000 0.0000 108.2960
2026 5 7 15 3.4000 29.3900 0.8500 3.4000 0.0000 60.4036 63.8716 1.7981 0.1469  52.8465 0.0000 0.0000 0.0000 0.0000 52.8465
2026 5 7 16 4.0000 46.9600 1.0000 4.0000 0.0000 59.0578 63.8578 1.9571 0.1359  91.9052 0.0000 0.0000 0.0000 0.0000 91.9052
2026 5 7 17 3.0800 17.5900 0.7700 3.0800 0.0000 60.9987 63.8446 1.6449 0.1484  28.9342 0.0000 0.0000 0.0000 0.0000 28.9342
2026 5 7 18 4.0000 88.3300 1.0000 4.0000 0.0000 59.0314 63.8314 1.9562 0.1358  172.7929 0.0000 0.0000 0.0000 0.0000 172.7929
2026 5 7 19 4.0000 80.8200 1.0000 4.0000 0.0000 59.0165 63.8165 1.9557 0.1358  158.0617 0.0000 0.0000 0.0000 0.0000 158.0617
2026 5 7 20 4.0000 88.8300 1.0000 4.0000 0.0000 59.0051 63.8051 1.9553 0.1358  173.6937 0.0000 0.0000 0.0000 0.0000 173.6937
2026 5 7 21 4.0000 78.9000 1.0000 4.0000 0.0000 58.9971 63.7971 1.9551 0.1358  154.2561 0.0000 0.0000 0.0000 0.0000 154.2561
2026 5 7 22 4.0000 59.9800 1.0000 4.0000 0.0000 58.9891 63.7891 1.9548 0.1358  117.2499 0.0000 0.0000 0.0000 0.0000 117.2499
2026 5 7 23 4.0000 50.7100 1.0000 4.0000 0.0000 58.9814 63.7814 1.9546 0.1357  99.1159 0.0000 0.0000 0.0000 0.0000 99.1159
2026 5 8 0 4.0000 99.0800 1.0000 4.0000 0.0000 58.9794 63.7794 1.9545 0.1357  193.6516 0.0000 0.0000 0.0000 0.0000 193.6516
2026 5 8 1 4.0000 59.4000 1.0000 4.0000 0.0000 58.9915 63.7915 1.9549 0.1358  116.1210 0.0000 0.0000 0.0000 0.0000 116.1210
2026 5 8 2 3.0000 16.8900 0.7500 3.0000 0.0000 61.1232 63.8232 1.6055 0.1487  27.1164 0.0000 0.0000 0.0000 0.0000 27.1164
2026 5 8 3 3.0000 18.5200 0.7500 3.0000 0.0000 61.1875 63.8875 1.6072 0.1488  29.7646 0.0000 0.0000 0.0000 0.0000 29.7646
2026 5 8 4 3.0000 27.1000 0.7500 3.0000 0.0000 61.2585 63.9585 1.6090 0.1490  43.6046 0.0000 0.0000 0.0000 0.0000 43.6046
2026 5 8 5 0.0000 18.9700 0.0000 0.0000 0.0000 64.0118 64.0118 0.0000 0.0000  0.0000 1.0000 1.0000 0.0000 0.0000 -1.0000
2026 5 8 6 0.0000 16.0000 0.0000 0.0000 0.0000 64.0465 64.0465 0.0000 0.0000  0.0000 0.0000 0.0000 0.0000 0.0000 0.0000
2026 5 8 7 0.0000 13.0000 0.0000 0.0000 0.0000 64.0670 64.0670 0.0000 0.0000  0.0000 0.0000 0.0000 0.0000 0.0000 0.0000
2026 5 8 8 0.0000 11.0000 0.0000 0.0000 0.0000 64.0781 64.0781 0.0000 0.0000  0.0000 0.0000 0.0000 0.0000 0.0000 0.0000
2026 5 8 9 0.0000 12.0000 0.0000 0.0000 0.0000 64.0781 64.0781 0.0000 0.0000  0.0000 0.0000 0.0000 0.0000 0.0000 0.0000
2026 5 8 10 0.0000 13.0000 0.0000 0.0000 0.0000 64.0781 64.0781 0.0000 0.0000  0.0000 0.0000 0.0000 0.0000 0.0000 0.0000
2026 5 8 11 0.0000 16.0000 0.0000 0.0000 0.0000 64.0781 64.0781 0.0000 0.0000  0.0000 0.0000 0.0000 0.0000 0.0000 0.0000
2026 5 8 12 0.0000 12.0000 0.0000 0.0000 0.0000 64.0781 64.0781 0.0000 0.0000  0.0000 0.0000 0.0000 0.0000 0.0000 0.0000
2026 5 8 13 0.0000 13.0000 0.0000 0.0000 0.0000 64.0781 64.0781 0.0000 0.0000  0.0000 0.0000 0.0000 0.0000 0.0000 0.0000
2026 5 8 14 0.0000 12.0000 0.0000 0.0000 0.0000 64.0781 64.0781 0.0000 0.0000  0.0000 0.0000 0.0000 0.0000 0.0000 0.0000
2026 5 8 15 0.0000 11.0000 0.0000 0.0000 0.0000 64.0781 64.0781 0.0000 0.0000  0.0000 0.0000 0.0000 0.0000 0.0000 0.0000
2026 5 8 16 0.0000 8.0000 0.0000 0.0000 0.0000 64.0856 64.0856 0.0000 0.0000  0.0000 0.0000 0.0000 0.0000 0.0000 0.0000
2026 5 8 17 0.0000 15.0000 0.0000 0.0000 0.0000 64.1080 64.1080 0.0000 0.0000  0.0000 0.0000 0.0000 0.0000 0.0000 0.0000
2026 5 8 18 0.0000 12.0000 0.0000 0.0000 0.0000 64.1583 64.1583 0.0000 0.0000  0.0000 0.0000 0.0000 0.0000 0.0000 0.0000
2026 5 8 19 0.0000 15.0000 0.0000 0.0000 0.0000 64.1993 64.1993 0.0000 0.0000  0.0000 0.0000 0.0000 0.0000 0.0000 0.0000
2026 5 8 20 0.0000 13.0000 0.0000 0.0000 0.0000 64.2049 64.2049 0.0000 0.0000  0.0000 0.0000 0.0000 0.0000 0.0000 0.0000
2026 5 8 21 0.0000 14.0000 0.0000 0.0000 0.0000 64.2049 64.2049 0.0000 0.0000  0.0000 0.0000 0.0000 0.0000 0.0000 0.0000
2026 5 8 22 0.0000 17.0000 0.0000 0.0000 0.0000 64.2049 64.2049 0.0000 0.0000  0.0000 0.0000 0.0000 0.0000 0.0000 0.0000
2026 5 8 23 0.0000 16.0000 0.0000 0.0000 0.0000 64.2049 64.2049 0.0000 0.0000  0.0000 0.0000 0.0000 0.0000 0.0000 0.0000
